10670,7 10 25 26 35 41 47 50 52 54 64 67 79 
10309,5 15 18 28 43 45 50 51 53 54 56 61 65 66 67 81 90 92 95 
10308,2 6 18 23 25 26 51 55 62 64 65 77 78 80 84 88 89 
10669,2 5 8 12 21 22 23 28 30 38 40 41 43 54 56 63 70 74 75 83 88 96 
10668,10 13 26 36 37 39 46 56 59 64 73 80 81 82 91 96 
10307,1 20 29 32 39 42 43 55 59 74 75 78 79 80 82 89 
10306,1 7 14 25 30 45 48 50 54 58 60 70 71 75 78 81 96 97 99 
10667,3 7 11 16 23 25 26 30 33 34 37 41 43 48 50 57 62 63 72 
10305,11 12 17 26 28 29 30 32 43 47 50 61 67 82 87 88 89 96 97 
10666,1 3 7 13 14 19 36 38 39 58 65 80 85 
10304,13 16 30 33 40 44 50 51 57 58 60 61 63 67 81 85 96 
10665,2 7 10 11 12 16 22 24 26 35 36 44 46 59 60 65 67 72 76 78 89 98 
10303,8 13 17 25 37 39 44 46 53 55 64 65 75 83 94 98 
10664,3 4 7 17 25 28 34 44 45 46 53 55 58 70 82 88 98 99 100 
10302,1 3 7 12 15 17 25 28 34 47 67 69 71 73 77 85 91 96 98 
10663,2 4 7 24 29 32 39 42 43 46 53 59 61 
10301,5 6 11 30 31 34 36 49 52 53 54 55 63 69 71 73 75 82 87 92 96 100 
10662,2 3 9 11 16 17 27 30 32 35 37 38 40 45 49 50 52 61 63 68 72 86 91 
10661,13 15 16 25 42 43 51 57 62 65 68 72 75 77 78 86 88 
10300,1 3 5 21 23 30 35 37 63 67 72 74 80 82 83 99 
10660,33 39 40 41 47 66 72 75 82 93 98 100 
10659,1 10 18 23 26 30 31 37 40 45 50 58 59 64 67 68 70 71 75 80 82 83 90 91 93 96 
10658,3 6 8 10 15 21 25 33 34 35 36 40 42 45 47 54 58 69 74 82 83 89 95 99 
10657,1 4 10 16 17 23 26 28 30 33 37 39 47 55 66 67 76 78 79 86 89 91 100 
10656,4 10 11 13 15 16 17 26 27 28 31 34 38 42 45 49 51 55 58 63 67 68 69 77 84 87 88 91 93 
10655,8 18 19 44 49 51 53 54 60 65 66 70 71 74 79 80 82 83 84 90 91 98 
10654,3 5 14 15 23 31 34 39 40 43 47 51 53 56 57 59 68 69 75 80 82 93 96 
10653,4 15 16 22 33 34 40 48 69 72 75 79 89 91 
10652,4 18 24 32 34 39 49 50 59 60 61 65 70 74 75 78 86 98 
10651,2 4 20 21 23 31 32 41 42 46 48 51 52 55 79 81 85 87 92 94 
10650,7 8 9 10 14 17 20 24 36 40 42 49 51 53 54 61 73 74 78 79 85 86 89 91 94 96 97 
10649,8 10 17 18 19 20 23 29 33 34 36 40 48 51 53 55 65 75 78 79 83 88 92 100 
10648,6 20 22 23 31 36 42 45 48 57 59 63 75 76 81 82 85 91 95 96 98 99 100 
10647,2 8 18 21 25 27 36 37 39 41 43 44 47 66 73 75 77 82 93 96 
10646,2 13 26 34 41 42 43 49 54 61 64 66 75 82 86 94 97 
10645,4 5 13 24 25 44 45 49 56 60 61 62 81 89 92 99 
10644,3 6 15 16 18 26 42 51 56 61 67 69 70 72 77 95 100 
10643,1 10 11 24 25 30 38 40 42 43 48 50 52 67 86 95 96 
10642,19 24 26 29 57 59 60 62 64 69 72 75 
10641,6 18 26 27 28 29 33 37 40 52 60 67 69 75 86 97 
10640,8 10 11 16 28 33 37 52 53 69 75 77 84 87 91 92 95 96 
10639,1 4 10 24 30 34 42 55 64 65 66 77 81 83 87 92 
10638,8 15 20 21 24 25 30 42 55 58 64 69 76 93 94 99 100 
10999,1 5 9 11 15 17 26 30 31 32 40 43 48 49 52 56 58 59 62 73 76 79 95 96 98 99 
10637,7 9 10 16 22 34 35 39 47 49 53 58 59 63 65 73 78 91 95 99 
10998,4 10 22 24 27 29 32 33 35 38 51 52 62 66 67 72 80 82 84 85 91 97 
10636,10 11 12 23 25 26 27 29 39 42 50 51 63 71 85 86 99 100 
10997,1 9 24 37 38 40 49 55 58 60 62 87 91 92 97 99 
10635,2 7 11 15 17 18 19 23 25 29 45 49 52 83 92 93 
10996,2 5 6 15 34 35 37 39 43 53 56 60 65 77 79 81 84 85 87 90 93 
10995,6 8 20 22 30 32 33 41 42 49 52 56 59 62 67 69 86 89 95 96 99 
10634,1 5 6 7 8 11 27 29 40 44 58 66 68 71 79 93 94 95 98 99 100 
10633,3 15 19 20 21 23 27 29 31 32 42 54 58 61 68 72 97 100 
10994,2 8 12 13 14 16 17 25 39 45 65 68 72 80 82 88 
10632,22 24 27 29 31 32 35 37 45 53 61 75 82 84 96 
10993,14 16 19 20 23 24 31 44 46 48 55 58 61 65 69 82 92 95 100 
10992,4 7 13 20 31 33 34 39 41 45 48 56 57 61 67 71 78 86 88 91 94 
10631,3 9 10 14 21 24 32 35 41 45 48 52 56 62 68 72 77 81 85 88 90 91 
10630,19 30 32 35 43 48 60 62 66 70 73 74 75 77 82 83 88 96 
10991,2 8 13 14 25 37 50 53 65 70 92 98 
10990,1 20 24 29 33 41 45 46 47 57 62 63 79 82 84 85 86 
10199,2 6 7 18 25 26 36 41 46 48 51 52 55 67 68 71 92 94 97 
10198,5 24 25 29 33 35 42 45 49 50 55 70 79 83 90 97 98 
10197,2 4 7 11 17 21 23 24 28 33 42 43 50 55 61 67 70 77 79 81 83 84 
10196,2 4 5 8 17 22 25 27 28 29 45 48 49 54 67 77 91 100 
10195,3 5 13 14 15 18 19 20 35 37 38 40 42 43 48 55 57 61 72 76 77 78 80 83 95 96 99 
10194,1 5 6 19 20 27 29 31 35 37 53 65 66 67 71 73 77 80 86 89 90 91 98 
10193,1 9 14 23 31 32 34 40 42 60 63 66 69 76 88 91 94 100 
10192,2 4 10 15 17 19 34 35 37 41 45 48 55 57 58 72 74 77 86 91 93 94 95 98 99 
10191,2 3 7 10 11 14 18 20 29 31 44 48 50 65 66 67 70 71 75 79 83 91 95 97 
10190,8 14 23 43 44 48 51 59 61 65 66 67 74 81 82 84 96 97 
10629,6 12 14 15 19 25 28 34 36 38 46 54 60 66 68 77 78 88 89 90 94 
10628,2 6 8 18 22 24 35 37 46 53 62 73 74 77 85 86 90 96 97 99 
10989,2 4 16 17 20 21 27 28 39 40 43 44 46 48 55 64 66 71 73 80 98 100 
10988,4 7 11 15 19 24 25 26 35 42 43 65 71 76 90 91 94 
10627,4 6 13 16 18 20 25 29 33 36 48 51 55 60 61 67 68 71 73 80 87 88 89 91 97 
10626,1 5 9 10 13 17 22 23 24 31 32 46 51 52 53 60 62 64 66 74 75 76 81 83 90 92 93 94 96 100 
10987,3 33 35 38 48 51 58 59 63 68 83 86 89 91 92 93 95 96 97 
10625,5 17 18 31 32 45 46 50 53 62 63 71 74 77 91 94 
10986,1 11 15 33 42 53 56 58 61 72 76 77 91 96 98 100 
10624,1 4 7 9 10 12 23 24 28 31 42 45 47 61 65 67 77 81 87 88 94 96 
10985,1 5 7 10 11 13 17 21 23 30 39 41 45 48 52 56 65 70 71 74 97 
10623,2 7 8 9 15 18 20 22 23 27 30 33 41 44 46 47 67 71 78 84 89 95 96 97 98 
10984,1 8 10 11 13 14 15 20 28 31 44 45 54 62 66 68 77 84 87 94 
10983,4 8 17 24 26 33 42 47 50 57 66 69 72 73 77 85 87 90 94 98 
10622,4 7 10 27 31 32 33 36 40 41 45 56 59 64 66 79 86 94 96 99 
10621,3 6 24 27 34 35 40 44 58 69 77 81 83 91 
10982,3 12 13 18 19 26 27 28 36 44 48 50 54 57 63 66 72 90 96 100 
10620,4 8 17 20 22 23 27 28 32 37 39 41 45 55 62 67 68 86 91 96 100 
10981,1 3 9 14 20 22 26 30 31 38 39 44 47 58 59 70 75 82 97 
10980,10 13 28 29 33 37 44 45 52 56 68 72 75 89 94 100 
10189,3 4 8 9 10 15 18 19 28 31 34 51 53 57 62 73 74 79 91 99 
10188,1 3 7 12 13 16 18 22 26 27 31 43 44 46 55 58 59 62 65 70 71 76 78 79 83 90 93 95 98 
10187,3 6 7 15 26 27 40 45 47 50 54 57 59 60 67 77 84 87 91 
10186,2 3 4 12 21 27 34 41 49 50 58 62 65 73 75 78 86 87 89 97 99 
10185,11 14 18 25 27 32 33 59 64 68 70 74 83 86 93 
10184,1 10 11 18 20 23 26 40 42 45 55 59 66 68 70 77 81 
10183,3 8 13 16 21 22 23 24 70 73 83 85 88 89 99 
10182,2 11 12 18 22 28 30 32 38 40 56 66 67 78 82 84 91 100 
10181,3 11 29 30 38 41 46 55 56 59 66 68 72 73 79 80 81 90 97 100 
10180,2 5 15 16 25 35 42 47 55 56 57 65 70 88 90 91 93 94 
10619,19 22 26 30 37 45 46 58 64 68 69 82 86 90 92 97 98 
10618,8 20 24 30 32 34 46 59 61 62 66 70 71 72 73 78 84 85 90 93 97 
10979,1 6 16 18 26 37 43 51 60 72 76 89 98 
10617,15 20 23 25 35 36 37 52 55 64 71 72 76 82 84 89 90 100 
10978,3 11 12 13 19 20 27 40 41 50 52 55 56 57 64 65 67 68 73 76 77 80 81 84 90 97 
10616,21 22 27 31 32 35 41 46 49 57 60 68 70 74 80 90 94 97 99 
10977,1 6 14 20 26 35 36 44 54 58 61 71 77 87 93 97 
10615,1 5 6 16 19 33 38 43 44 50 52 53 56 65 66 74 84 89 90 94 97 98 
10976,1 2 6 14 26 31 37 53 55 59 67 68 79 84 88 89 91 92 94 97 98 
10614,1 14 15 16 19 23 24 25 31 35 39 49 61 66 77 89 90 93 98 100 
10975,1 13 16 17 18 29 36 38 40 45 47 48 50 53 71 72 79 84 85 86 90 97 100 
10974,15 19 21 29 30 36 47 51 57 64 68 69 73 75 85 93 97 99 
10613,4 5 24 25 35 40 41 52 53 56 58 60 65 69 72 75 78 83 86 90 98 
10612,10 15 18 21 23 26 27 37 41 51 57 67 70 78 80 87 88 
10973,1 11 22 23 25 31 36 40 47 48 50 59 61 70 76 93 
10611,1 11 13 21 23 27 36 41 50 63 64 71 74 77 84 85 
10972,2 6 9 17 23 24 25 28 29 30 43 47 49 55 63 79 80 95 99 
10971,6 12 16 20 21 23 26 27 29 32 57 58 59 61 64 66 68 70 71 72 86 89 
10610,2 5 6 7 18 28 29 30 39 46 47 60 62 63 66 81 82 90 92 99 
10970,6 19 22 25 26 30 42 44 48 53 58 59 62 66 72 76 77 83 84 94 
10179,2 5 11 18 22 23 24 33 49 50 51 55 57 60 74 82 85 88 92 94 
10178,1 3 7 10 13 15 19 21 31 32 47 51 54 57 59 63 69 77 89 99 
10177,5 8 14 18 23 24 34 39 47 51 60 64 69 74 76 80 83 95 99 
10176,5 20 24 38 43 44 47 52 55 60 63 70 76 78 85 86 99 
10175,3 15 16 24 25 43 55 65 69 77 99 
10174,1 5 12 18 24 25 26 27 36 38 42 45 47 53 56 63 66 67 76 79 87 88 92 94 96 97 100 
10173,7 8 11 14 21 28 41 50 54 57 70 72 73 80 90 92 99 
10172,1 18 19 20 28 32 34 36 40 42 43 44 46 48 55 60 62 67 77 82 84 85 88 89 92 95 96 98 
10171,2 8 9 13 14 16 19 30 35 37 44 58 68 70 71 80 83 87 100 
10170,7 8 16 19 22 30 31 35 39 40 42 46 47 49 57 58 60 69 71 72 75 80 83 87 97 
10609,6 14 17 18 27 28 33 35 52 53 58 63 69 70 72 80 81 85 88 90 94 96 
10608,9 11 14 19 25 42 46 47 54 62 64 65 68 78 84 94 98 
10969,6 9 17 18 30 37 40 42 43 46 56 64 73 81 83 86 92 97 
10968,7 27 34 37 38 52 55 57 58 63 65 68 74 76 77 87 98 
10607,2 3 4 9 10 13 15 19 22 34 38 39 45 48 63 64 65 69 74 82 84 99 
10606,1 2 3 8 17 23 35 36 38 40 43 51 56 59 62 66 75 76 80 81 89 95 97 
10967,2 3 18 26 29 35 37 38 54 62 66 73 79 87 89 98 
10605,5 13 16 27 31 36 37 43 45 46 52 55 57 64 68 69 82 84 88 97 100 
10966,2 11 17 22 23 24 35 37 38 40 59 66 72 81 86 87 94 97 
10965,6 18 24 32 39 40 43 47 57 60 75 80 88 89 91 96 98 
10604,1 12 19 23 33 34 36 43 45 46 48 50 52 53 54 55 77 79 80 87 88 89 91 92 98 100 
10603,1 8 24 41 44 54 56 58 59 63 65 76 86 88 92 94 
10964,1 5 7 16 20 23 41 49 52 56 58 63 65 66 72 78 82 85 87 95 97 99 
10602,2 7 8 10 23 32 34 45 47 50 57 61 62 64 69 74 77 80 83 85 93 97 
10963,2 6 8 10 12 37 43 44 46 69 70 79 87 91 95 97 100 
10601,8 14 22 24 27 43 45 47 51 56 57 58 64 66 67 72 73 80 81 82 83 89 92 
10962,3 17 19 25 31 38 40 54 56 61 67 70 75 78 90 95 96 
10600,12 14 18 25 40 45 49 52 55 60 62 63 65 66 67 76 85 91 92 94 97 
10961,4 26 27 34 44 47 48 52 60 63 68 69 77 82 86 95 
10960,1 2 5 20 25 26 30 32 36 52 59 61 64 67 68 70 75 77 78 90 91 92 100 
10169,5 11 15 18 22 23 26 28 37 44 47 54 55 72 73 75 76 82 88 95 97 99 100 
10168,5 7 11 20 25 28 30 31 38 40 42 46 58 73 76 80 81 90 95 100 
10167,1 5 10 24 34 43 50 59 64 66 76 83 87 92 94 
10166,6 19 23 26 27 28 31 32 33 35 37 38 43 54 57 63 65 70 83 84 86 96 97 98 99 
10165,2 3 7 9 10 16 23 35 36 38 46 50 53 54 55 58 61 66 70 75 83 89 91 
10164,6 7 22 23 27 31 34 35 41 43 45 57 58 65 67 71 77 80 82 83 89 100 
10163,2 3 6 20 21 23 48 56 87 91 
10162,4 10 23 29 31 32 36 42 43 46 51 53 58 59 69 71 78 98 99 
10161,7 13 14 27 33 35 43 45 53 56 57 62 76 78 79 82 92 94 
10160,7 11 14 16 20 25 26 27 33 38 41 43 51 53 57 59 68 76 78 83 90 93 
10959,17 18 20 23 33 40 54 55 59 72 75 79 85 86 94 96 
10958,4 6 15 20 30 33 34 47 56 61 63 69 71 74 79 82 84 96 99 
10957,3 5 11 14 16 24 37 38 41 43 44 54 56 59 67 72 73 74 82 86 90 93 94 
10956,1 16 19 22 29 30 33 35 36 40 42 46 53 58 59 76 77 78 79 83 84 91 93 94 96 
10955,5 8 10 11 12 13 17 29 31 46 49 50 61 63 69 73 84 85 86 96 98 
10954,1 11 18 20 21 30 32 40 43 45 63 79 90 100 
10953,16 25 28 31 32 36 37 45 55 63 66 74 78 89 92 94 99 
10952,6 14 15 17 19 32 38 39 41 48 53 55 57 58 65 75 78 79 87 90 93 
10951,7 15 17 20 22 42 52 58 60 64 65 75 77 86 88 
10950,6 9 16 17 19 20 22 32 38 42 46 47 65 68 76 77 84 100 
10159,12 14 15 19 24 38 41 50 51 52 55 57 58 64 90 96 
10158,7 10 14 34 35 39 46 54 58 62 65 66 68 71 72 80 85 87 88 90 95 99 
10157,11 13 22 24 29 30 31 39 40 42 50 62 67 75 76 82 85 87 88 89 91 96 
10156,1 7 14 20 22 26 28 39 40 46 51 53 59 70 80 91 92 95 96 
10155,6 12 13 24 25 26 36 37 41 45 48 49 51 53 61 65 69 72 80 89 90 94 95 
10154,4 5 6 8 13 24 27 30 35 42 44 49 54 61 65 74 82 83 85 86 91 95 97 
10153,7 11 20 29 35 40 43 44 45 52 53 55 56 57 61 62 72 87 
10152,10 12 14 15 16 18 24 32 33 39 41 48 51 57 59 60 61 68 85 87 95 
10151,4 6 8 14 19 22 24 26 32 37 48 55 56 69 79 86 87 90 99 
10150,5 8 9 10 15 19 26 28 29 31 34 39 46 49 56 57 59 62 69 77 81 99 
10949,1 15 18 19 21 24 25 26 27 36 46 48 50 58 61 69 70 73 79 96 98 99 100 
10948,4 7 8 9 11 18 19 24 26 37 41 48 53 54 55 56 64 65 67 70 79 80 82 87 93 94 95 96 
10947,2 5 7 10 15 25 26 31 33 38 50 57 61 62 69 71 85 88 89 93 
10946,17 19 28 33 34 43 54 57 63 65 67 73 74 75 88 96 98 
10945,2 12 14 26 28 45 52 53 54 62 63 75 78 82 85 96 
10944,2 5 11 26 28 30 54 74 83 87 91 92 97 
10943,19 22 30 31 36 44 67 70 71 87 
10942,7 8 20 22 25 29 44 46 49 73 79 81 85 91 99 
10941,13 25 28 29 32 41 48 54 56 59 69 86 90 
10940,12 14 20 21 23 24 31 36 37 39 41 44 48 54 56 57 66 68 69 70 73 77 81 86 100 
10149,2 4 9 27 29 30 32 33 34 46 52 53 58 65 74 79 90 97 99 
10148,7 13 21 24 26 28 29 32 33 34 36 47 50 63 69 73 79 86 94 100 
10147,4 11 16 32 36 45 63 64 65 74 83 85 92 
10146,1 8 18 23 30 32 37 44 51 53 55 56 57 60 70 80 83 88 91 95 100 
10145,1 5 8 21 23 27 30 31 34 36 53 54 62 67 71 74 91 97 
10144,15 17 23 26 30 32 33 35 36 45 51 55 67 69 70 75 83 87 90 92 94 99 
10143,6 13 14 17 23 32 37 38 42 45 46 47 50 54 62 71 77 86 89 90 93 98 100 
10142,3 8 20 26 29 34 36 42 44 45 53 56 57 59 65 67 74 76 80 82 85 88 91 96 
10141,13 15 30 53 60 67 76 78 81 85 87 90 100 
10140,2 7 8 11 16 21 29 30 34 35 42 46 65 83 87 90 92 94 
10939,5 10 12 24 27 30 33 42 49 51 56 58 62 67 68 74 77 79 83 90 93 
10938,8 9 34 42 46 47 48 51 56 61 63 88 98 
10937,1 5 11 24 30 35 47 57 61 64 77 80 82 83 84 
10936,2 6 8 12 22 28 35 36 38 39 46 48 49 53 57 66 74 76 85 95 
10935,6 8 9 12 14 15 21 24 27 30 31 33 34 42 47 64 76 84 86 87 91 92 99 
10934,4 6 11 13 14 25 35 36 40 41 45 46 48 49 54 55 56 65 83 87 92 93 95 97 
10933,1 7 10 19 27 32 36 39 45 46 50 58 61 71 77 83 85 94 95 96 97 
10932,8 15 20 25 29 34 35 40 41 48 60 65 68 70 75 80 83 85 86 94 95 100 
10931,1 5 8 12 18 22 24 25 29 30 31 33 42 50 52 56 57 60 64 71 77 81 86 88 96 
10930,9 10 11 14 17 22 24 40 51 56 61 65 70 73 75 95 96 97 
10139,1 4 5 11 12 18 20 24 34 36 39 40 43 52 55 56 59 60 66 75 77 93 94 95 97 
10138,1 5 7 8 17 25 28 32 33 35 40 48 50 52 53 54 55 72 75 76 77 78 82 87 91 97 99 
10499,1 3 9 18 23 27 28 29 48 52 60 61 63 65 66 68 71 76 77 78 87 90 
10137,11 14 21 24 34 43 46 52 57 64 67 73 75 78 79 84 91 94 
10498,3 4 18 19 22 26 33 37 46 51 59 65 69 71 75 76 80 82 91 92 95 99 
10136,11 13 17 22 38 39 55 62 63 67 68 71 73 74 75 95 
10497,2 3 6 8 17 22 23 26 32 46 48 53 56 59 60 64 67 68 73 81 89 91 92 94 95 99 
10135,8 10 12 13 26 32 35 37 41 44 47 48 51 57 65 67 74 75 84 86 90 92 95 99 100 
10496,4 6 13 20 27 31 33 38 42 44 49 53 57 58 64 65 74 79 86 87 88 99 
10134,1 15 19 32 33 39 40 53 54 56 58 65 66 75 78 80 87 89 98 99 100 
10495,3 5 6 7 11 19 24 28 30 44 46 58 60 68 71 73 74 76 83 84 90 94 98 
10133,1 4 12 13 18 19 20 23 31 34 40 48 49 58 60 71 72 76 79 85 88 97 
10494,1 2 21 22 23 24 31 42 43 45 47 49 55 61 63 66 68 69 78 86 96 98 
10132,4 12 22 28 33 35 46 48 53 55 64 66 67 71 82 83 84 88 89 90 94 
10493,2 17 19 23 29 35 42 43 51 56 61 71 74 76 78 79 81 83 88 89 93 94 98 
10131,14 17 21 27 32 35 47 52 59 70 78 86 97 98 
10492,7 8 10 12 13 16 23 28 35 36 45 46 55 58 70 73 81 86 94 98 99 
10130,4 13 14 24 25 26 28 29 31 42 44 45 49 51 52 54 57 59 60 65 67 69 72 89 91 93 
10491,2 6 7 9 12 29 39 40 47 52 64 66 73 94 96 
10490,1 4 7 13 17 23 25 41 45 49 52 56 57 64 75 76 88 95 96 100 
10929,3 4 6 16 23 26 33 41 42 58 63 71 73 75 76 82 87 
10928,4 6 9 44 45 62 64 74 86 90 93 95 96 
10927,13 16 26 27 32 34 41 43 50 51 57 64 72 76 79 81 82 84 91 99 
10926,6 10 13 28 29 46 75 78 85 89 
10925,5 16 25 27 31 32 47 48 50 66 71 73 74 81 86 97 100 
10924,21 24 25 36 37 39 43 44 51 52 60 65 66 76 78 82 84 97 
10923,11 17 21 25 27 39 51 54 62 69 77 78 80 82 87 94 100 
10922,2 4 13 22 28 46 59 78 84 86 
10921,15 17 27 36 42 45 46 51 62 66 68 71 83 89 90 93 
10920,4 6 9 10 20 23 28 39 42 43 44 48 50 65 71 84 86 95 99 100 
10129,1 7 13 15 16 19 32 37 44 46 48 61 66 67 70 78 79 89 95 99 
10128,24 25 38 44 47 48 52 53 66 70 72 74 78 79 85 88 93 95 99 100 
10489,16 17 20 26 32 33 37 41 47 49 54 71 78 81 83 96 
10127,3 5 12 15 16 18 22 28 31 33 35 38 47 52 54 56 57 59 65 66 70 74 81 84 85 92 
10488,2 9 17 23 29 31 32 33 39 40 45 51 55 64 70 89 91 
10487,5 6 21 25 30 33 37 42 47 58 66 70 74 75 76 89 92 95 97 
10126,4 10 14 18 31 41 44 49 57 64 69 76 77 90 
10486,12 17 19 20 23 37 42 43 44 45 48 59 70 78 80 83 84 85 86 88 89 94 
10125,3 4 9 12 14 16 17 37 39 56 60 62 66 68 70 74 75 90 93 98 99 
10485,8 21 22 24 26 27 28 31 35 37 38 44 46 53 66 74 85 94 96 97 
10124,8 25 29 32 42 55 60 66 72 73 74 76 78 82 83 93 95 
10484,7 15 18 22 39 42 45 46 55 56 62 67 69 72 73 77 79 81 94 95 99 
10123,1 3 5 12 28 30 38 40 42 43 47 55 62 66 73 79 81 84 85 88 90 93 
10122,1 3 4 5 6 18 30 31 32 36 39 41 44 45 54 60 80 82 84 85 95 97 98 99 100 
10483,4 5 10 19 29 33 41 55 56 57 58 70 72 80 84 93 
10482,16 18 28 43 44 45 47 50 51 78 87 88 93 97 100 
10121,7 11 13 15 17 19 24 31 42 51 70 74 79 83 86 89 94 96 97 99 100 
10481,23 30 34 41 48 66 67 83 92 99 
10120,11 13 18 19 29 30 31 41 42 49 54 56 66 72 76 82 85 86 100 
10480,7 11 17 29 32 37 48 49 52 54 56 66 69 72 76 89 91 98 100 
10919,16 19 20 24 26 30 35 39 49 60 63 64 73 77 79 81 94 98 
10918,17 29 30 35 39 49 51 56 60 64 71 76 78 81 84 94 100 
10917,2 4 6 8 9 11 14 15 17 25 26 28 29 30 33 34 41 48 54 56 59 65 67 69 72 75 87 89 95 98 100 
10916,3 5 7 20 26 29 40 43 51 60 61 68 69 70 75 77 94 95 97 
10915,1 10 13 15 16 17 26 27 32 34 36 37 39 45 47 66 68 73 79 82 84 85 98 
10914,14 17 26 32 37 40 46 52 58 64 65 70 72 74 79 83 84 95 
10913,2 8 10 15 16 17 33 34 37 42 43 45 52 62 69 77 78 81 87 96 97 99 100 
10912,5 6 8 9 16 25 26 28 34 39 40 42 52 55 56 59 60 62 64 65 68 80 81 83 85 99 
10911,4 5 7 11 18 22 26 39 50 51 53 64 71 73 74 75 82 85 97 98 
10910,2 3 5 6 9 11 20 24 37 38 49 51 60 68 74 76 89 93 
10119,4 16 21 24 25 29 35 37 40 44 45 50 53 55 62 77 91 92 95 96 
10118,5 11 15 16 21 22 28 31 36 38 43 48 49 54 61 63 66 69 74 78 80 81 83 91 92 99 
10479,4 14 16 18 34 38 50 52 57 58 64 65 68 73 77 79 80 95 
10117,4 9 12 13 22 29 30 31 32 36 38 43 44 46 51 53 58 59 77 82 85 88 
10478,2 5 9 20 21 23 24 31 34 36 37 38 39 40 46 53 60 63 66 79 81 92 99 
10477,7 15 29 31 35 43 44 45 47 52 56 61 63 64 69 72 79 83 92 96 
10116,1 4 8 10 14 15 16 19 20 23 26 27 30 31 34 35 36 44 51 59 66 79 90 92 
10115,9 16 17 20 21 35 37 41 52 53 62 65 69 70 92 98 99 
10476,1 8 13 17 18 21 22 27 34 44 46 48 50 60 66 68 70 73 76 80 87 94 95 99 
10475,10 19 20 35 44 47 49 53 54 63 67 73 77 97 100 
10114,1 6 13 16 17 21 28 30 34 35 36 38 39 43 46 48 51 57 58 59 61 62 64 74 81 86 87 92 95 
10474,6 10 13 16 17 22 23 25 27 28 29 46 47 49 50 51 52 55 56 62 73 74 83 86 94 
10113,6 11 24 33 40 44 45 53 59 62 70 77 82 83 90 
10473,9 13 18 23 26 27 32 33 35 42 59 65 69 79 81 93 94 98 
10112,2 3 23 28 29 32 33 39 42 49 51 58 60 62 72 75 78 87 92 99 100 
10472,6 8 27 29 32 35 45 46 54 55 64 68 80 83 84 86 94 96 
10111,1 7 8 9 12 20 25 34 37 40 49 54 57 60 61 82 92 
10110,4 5 9 14 18 26 39 40 49 52 57 58 69 72 75 82 83 90 95 98 100 
10471,1 2 4 5 8 10 15 16 23 25 27 32 34 37 45 56 57 58 64 65 66 68 72 84 86 88 89 94 95 100 
10470,1 2 6 9 12 16 30 39 40 49 52 54 56 61 65 73 85 92 96 98 
10909,5 7 11 17 20 23 36 40 44 47 52 73 77 78 84 87 89 91 98 
10908,8 10 12 16 23 25 30 42 43 47 77 
10907,1 7 9 28 32 42 45 46 49 55 84 86 87 97 
10906,1 3 9 11 23 28 36 39 46 49 54 61 70 71 72 74 80 85 91 96 97 99 100 
10905,3 10 26 29 30 34 39 49 50 58 59 61 69 72 75 84 91 
10904,1 11 21 25 47 48 51 66 67 71 72 74 86 89 92 97 99 
10903,4 6 10 20 25 27 29 33 42 43 46 54 66 71 77 78 83 85 87 94 97 98 
10902,5 14 20 21 27 30 33 41 47 50 51 55 57 62 63 65 67 71 79 83 86 93 95 100 
10901,1 2 13 17 29 33 38 39 40 46 48 65 67 71 95 
10900,3 4 5 7 12 14 23 30 35 41 44 49 51 61 64 67 85 94 98 99 
10109,1 13 22 23 31 39 40 43 45 52 55 56 61 62 67 69 72 74 75 88 99 
10108,8 9 16 20 22 24 42 43 47 60 63 73 74 83 84 95 96 98 99 
10469,2 4 5 10 25 27 29 30 32 39 41 47 51 55 64 66 72 73 83 84 85 96 98 
10107,4 8 9 13 23 24 30 46 49 51 57 63 64 65 69 79 80 81 85 87 89 92 95 97 
10468,1 2 8 9 24 29 42 44 47 59 71 74 80 86 99 100 
10106,3 23 29 31 34 39 45 49 50 64 67 69 75 79 84 93 94 96 97 99 
10467,4 12 13 27 30 31 48 51 57 61 62 65 66 67 68 75 81 82 90 97 
10105,2 3 5 9 13 17 18 19 22 26 37 67 69 72 78 82 87 
10466,3 11 16 20 31 38 52 60 61 62 79 82 83 95 98 100 
10104,4 8 9 14 20 24 26 27 34 37 40 41 46 49 53 65 68 71 72 77 78 80 82 83 85 86 89 91 92 96 97 98 
10465,1 5 6 16 22 26 27 37 51 65 75 82 83 93 96 97 99 
10103,5 10 11 22 27 29 35 36 38 40 45 56 61 64 78 82 94 98 
10464,2 4 5 6 10 12 13 15 27 29 30 37 49 56 57 81 85 87 91 93 95 99 
10463,10 16 21 30 32 34 35 37 38 46 48 51 56 58 71 72 77 84 94 95 
10102,3 4 6 12 14 19 20 27 31 41 53 55 60 66 73 79 80 84 85 86 91 92 93 99 100 
10101,6 7 11 24 25 29 35 40 45 51 73 74 75 88 90 92 93 95 98 99 
10462,2 8 9 10 11 13 17 18 22 28 32 39 66 67 70 75 80 93 96 
10100,3 13 18 20 24 32 33 35 36 37 38 46 53 71 82 88 95 96 98 
10461,1 2 8 12 17 18 19 20 21 26 27 30 38 42 47 51 52 58 60 62 69 80 87 91 93 96 100 
10460,13 17 24 25 33 35 36 37 43 47 53 57 58 63 64 65 68 72 73 76 77 81 86 90 99 
10459,8 11 22 23 29 35 47 56 65 70 77 78 82 84 85 96 
10458,3 5 7 12 13 19 21 28 41 44 47 55 56 58 62 69 73 75 78 80 81 93 97 
10457,3 5 6 8 10 14 20 22 29 32 33 44 52 55 78 82 83 95 96 
10456,7 8 11 13 18 24 26 29 31 34 42 60 70 73 79 83 95 96 98 
10455,4 7 15 16 17 20 39 43 47 51 57 61 68 73 75 81 87 91 92 95 96 98 
10454,5 9 11 12 13 14 15 23 26 27 37 40 44 55 65 84 90 93 96 98 99 
10453,8 9 13 14 15 18 19 26 29 30 36 45 52 55 56 62 63 75 76 77 80 85 96 97 
10452,2 11 15 16 22 28 32 36 42 47 48 53 54 56 62 68 70 74 78 81 91 98 99 
10451,2 4 7 13 23 25 28 29 30 34 38 45 46 49 53 76 79 80 88 95 
10450,6 7 13 14 16 18 31 36 42 43 46 48 49 55 56 58 62 74 76 80 85 88 96 97 
10449,4 18 27 30 37 42 45 57 66 69 76 79 81 97 
10448,10 14 19 23 30 37 40 42 51 53 59 67 83 87 89 
10447,3 4 15 17 23 24 25 47 53 55 60 62 64 69 70 72 79 83 86 88 91 93 97 
10446,15 16 20 22 24 31 32 35 47 48 51 52 59 61 63 65 68 77 79 82 86 88 89 98 
10445,2 7 8 14 17 24 27 43 44 45 46 50 51 63 82 85 88 
10444,11 13 21 22 27 29 32 36 50 69 71 72 75 81 83 85 94 
10443,2 19 25 28 33 37 40 44 53 57 65 66 74 83 95 
10442,3 8 9 12 14 15 23 31 37 40 43 45 50 51 53 55 58 63 73 80 86 88 93 99 
10441,1 3 10 23 27 34 40 44 49 57 59 61 65 71 81 87 92 95 97 98 
10440,1 3 5 6 9 10 14 17 19 20 21 25 29 33 34 38 41 48 59 63 67 68 70 71 73 81 83 85 95 99 
10439,9 12 17 19 21 23 27 34 38 51 69 72 75 77 79 82 86 94 97 
10799,8 25 27 28 30 43 48 49 57 64 65 67 80 83 94 95 100 
10438,5 8 9 19 23 27 30 31 38 40 41 48 50 70 71 73 83 94 95 
10798,4 11 13 19 21 22 24 29 32 36 37 43 47 48 49 51 53 56 59 61 64 66 74 76 78 80 82 86 87 88 91 96 98 99 
10437,2 8 10 14 20 27 29 33 36 44 47 50 54 59 72 88 
10436,17 20 21 28 30 33 38 43 46 52 53 65 66 68 72 73 79 81 84 88 93 100 
10797,3 5 8 15 23 26 27 30 31 34 41 53 55 59 65 70 78 83 84 87 
10435,9 13 17 19 34 35 39 40 43 44 56 67 80 82 83 88 92 94 98 
10796,5 7 11 13 14 15 17 25 26 29 33 34 35 43 46 50 52 56 57 61 62 64 75 78 86 88 90 92 96 99 
10434,3 4 6 11 20 22 23 24 26 32 37 48 49 53 55 57 59 60 61 62 71 76 79 83 
10795,1 3 16 18 23 24 27 28 36 37 46 51 55 58 59 61 71 77 78 83 89 99 100 
10433,3 7 12 15 18 20 24 34 36 37 38 39 44 46 48 49 50 53 54 58 59 61 62 64 68 77 87 91 93 99 100 
10794,1 14 15 16 17 26 27 28 32 43 46 51 54 55 63 66 67 71 72 78 83 85 86 87 94 95 97 98 100 
10793,4 9 14 16 24 28 34 42 43 45 47 51 53 57 75 78 80 82 88 93 95 97 98 99 
10432,2 3 5 13 14 23 44 46 49 53 59 63 65 67 70 71 78 84 86 87 93 94 96 
10431,7 20 22 25 28 35 38 41 48 49 55 56 57 67 69 70 74 76 78 84 87 88 89 99 
10792,1 5 10 21 26 36 39 40 41 47 52 65 67 68 70 74 76 79 81 84 88 93 96 100 
10430,1 8 16 17 18 21 23 25 27 32 36 40 41 44 49 53 55 61 66 73 85 89 91 
10791,1 6 23 32 34 35 40 41 45 53 54 55 56 62 63 64 70 75 86 87 89 92 93 96 98 
10790,2 12 19 38 40 44 46 62 63 70 75 80 82 86 87 92 98 
10429,6 14 16 17 18 30 32 34 41 44 49 54 58 60 73 90 91 99 100 
10789,2 7 9 22 24 28 30 34 61 70 76 80 84 88 89 95 98 
10428,1 4 8 9 17 20 21 27 29 30 38 39 40 45 47 50 52 54 60 63 80 83 97 99 
10427,5 6 10 12 26 33 39 51 52 55 59 60 89 92 95 97 
10788,1 9 12 15 18 24 34 39 49 51 61 63 64 67 72 77 83 84 89 98 
10426,1 3 4 7 11 12 21 24 28 29 30 31 34 38 40 41 44 49 52 53 54 56 58 66 84 87 90 96 98 
10787,2 6 7 9 13 16 25 31 33 38 45 56 57 61 64 68 74 75 84 85 88 93 94 97 
10786,11 17 19 25 26 27 53 60 64 66 67 70 76 78 79 82 83 84 93 99 100 
10425,1 6 8 10 19 21 26 31 32 39 44 52 53 56 59 63 67 70 72 76 79 83 94 97 
10785,4 5 7 23 26 30 35 36 43 48 50 53 71 77 80 91 96 97 
10424,4 9 11 13 20 21 26 35 38 44 48 53 67 71 73 77 82 87 89 97 
10423,5 9 10 18 20 32 51 56 58 60 74 80 84 87 89 91 92 97 
10784,1 7 8 16 28 32 39 46 53 55 63 67 74 78 83 89 92 93 94 100 
10783,4 5 10 11 16 17 20 22 37 42 47 49 54 56 61 62 75 79 81 83 90 91 92 96 
10422,3 6 12 21 32 45 46 50 60 61 73 77 86 93 94 
10782,4 6 9 14 20 28 30 34 35 39 46 47 49 50 51 54 59 60 61 69 73 74 75 87 95 96 97 
10421,1 2 3 12 15 16 26 27 30 32 33 46 49 55 56 58 62 63 70 71 78 79 83 88 
10420,5 11 15 24 26 36 39 40 42 49 56 58 61 70 93 96 
10781,3 6 8 10 15 20 21 22 33 43 47 48 60 70 71 72 75 82 86 90 93 
10780,6 16 25 28 29 36 40 42 48 56 63 67 68 75 81 85 86 90 95 98 
10419,2 10 17 26 48 62 66 67 73 86 87 95 98 100 
10418,6 14 24 34 40 41 44 47 59 64 66 69 78 81 92 94 96 100 
10779,2 7 10 23 29 34 36 37 41 46 49 51 53 55 57 75 77 82 90 91 94 97 
10417,9 10 20 28 37 39 43 46 47 54 55 63 68 71 77 80 82 83 85 88 89 100 
10778,2 4 8 15 22 30 34 37 39 41 45 48 49 51 54 55 56 59 67 68 69 70 74 89 90 92 98 99 
10777,8 18 22 23 25 26 32 38 47 48 61 68 69 76 91 99 
10416,1 7 8 9 11 15 16 22 24 35 45 56 57 58 62 72 82 90 93 95 100 
10776,14 15 16 21 24 36 39 56 60 71 77 80 
10415,2 15 16 21 28 35 40 42 44 49 56 76 84 91 96 
10414,5 9 23 27 30 35 42 47 50 52 55 57 60 61 70 71 72 73 74 80 81 84 90 97 
10775,1 5 9 11 27 30 31 38 40 42 46 50 55 57 62 66 68 78 81 84 
10774,8 10 19 20 21 37 39 51 60 69 75 81 83 87 91 
10413,1 7 9 15 21 23 24 25 36 38 43 48 52 55 65 70 83 89 93 96 
10412,9 11 12 15 17 19 20 33 35 37 38 52 54 59 61 71 72 79 94 
10773,4 8 11 13 19 20 28 46 50 52 56 66 71 81 82 91 93 95 96 99 
10411,11 16 24 33 35 42 55 59 61 62 63 66 73 74 75 82 85 87 98 99 
10772,1 2 11 13 17 22 32 33 37 56 63 67 70 72 76 77 78 80 81 92 97 100 
10410,7 8 16 24 26 27 29 30 34 35 40 42 56 59 60 62 70 78 80 83 86 90 95 
10771,1 3 4 24 36 37 57 69 72 76 80 84 88 91 94 
10770,2 10 16 20 29 37 43 46 53 57 58 69 71 77 78 84 86 89 95 97 
10409,3 14 15 18 19 23 25 37 45 53 62 71 81 83 96 98 
10769,9 12 17 43 50 56 61 64 68 71 72 89 96 99 
10408,4 10 12 15 19 22 26 27 38 40 50 51 55 60 67 72 73 77 81 84 
10768,8 11 28 32 33 35 36 39 44 48 53 62 69 80 87 88 96 
10407,6 8 9 16 18 19 30 33 35 40 41 50 57 62 64 72 77 83 84 86 92 96 98 
10406,7 21 27 36 38 40 64 70 73 77 85 86 89 91 
10767,1 20 22 37 40 43 50 54 55 72 74 82 83 86 87 89 95 
10405,7 10 12 18 22 32 35 48 51 55 59 62 63 69 72 73 75 77 79 82 84 86 99 100 
10766,5 7 8 11 15 23 30 31 32 36 44 47 49 59 63 66 67 70 79 80 85 99 
10404,8 17 20 28 34 54 60 64 68 69 70 72 74 79 80 89 
10765,2 5 17 20 29 35 42 44 45 68 73 74 79 82 
10403,2 9 12 18 30 39 42 44 59 61 65 71 72 75 81 85 88 94 
10764,2 3 25 29 40 46 53 55 69 71 79 89 91 94 97 100 
10402,1 8 9 10 18 32 46 48 51 55 57 59 61 62 65 69 71 72 75 76 81 86 88 89 94 
10763,2 5 13 23 24 28 30 45 53 60 66 68 70 77 82 90 
10762,9 12 15 18 21 24 31 32 35 41 45 46 48 57 60 62 73 77 78 84 85 87 95 
10401,3 12 16 18 28 35 37 38 39 46 58 59 61 65 69 70 74 81 94 
10761,4 9 14 27 32 38 45 46 48 51 67 73 85 86 93 
10400,2 4 5 8 12 18 27 28 33 42 43 45 54 56 58 66 68 70 74 96 97 98 
10760,12 14 21 24 27 33 39 43 48 54 61 63 70 76 83 88 89 91 95 
10759,7 30 32 37 38 55 58 64 75 76 80 83 87 88 89 95 96 
10758,7 10 15 17 18 24 34 40 45 50 53 54 78 80 81 83 85 86 89 95 
10757,1 15 22 31 37 42 44 48 49 52 53 55 56 67 70 73 76 82 87 88 93 
10756,2 4 5 11 13 20 24 36 38 41 44 61 63 64 68 70 77 83 84 85 86 90 99 
10755,6 29 33 34 37 57 71 74 87 96 
10754,6 15 16 17 22 24 29 31 33 34 36 37 38 39 43 44 46 48 49 57 68 72 75 80 81 83 89 92 
10753,2 4 11 12 19 20 22 23 33 37 39 48 52 58 63 65 66 67 69 72 82 92 93 94 97 
10752,1 12 14 19 28 32 33 36 42 45 60 71 72 73 80 86 87 98 
10751,6 8 14 20 28 61 71 73 75 77 78 79 
10750,9 21 22 32 44 46 50 52 56 61 65 67 80 88 100 
10749,3 4 13 16 19 20 41 53 57 59 61 63 64 68 86 
10748,17 19 22 26 28 29 31 37 43 61 66 67 72 78 82 83 97 
10747,7 9 20 28 29 34 36 42 45 51 57 59 64 68 74 84 91 94 98 
10746,1 8 18 21 33 43 44 45 49 51 65 66 75 84 85 87 99 
10745,9 11 18 34 35 42 44 46 47 51 54 62 71 79 83 100 
10744,4 5 7 12 13 18 21 40 49 54 55 57 58 61 64 66 77 78 79 81 98 
10743,1 2 9 11 12 16 18 22 23 24 34 43 44 45 47 56 60 63 67 69 73 75 82 83 84 93 
10742,15 19 49 57 59 62 64 69 70 85 87 92 93 95 98 
10741,5 10 17 18 30 31 34 44 47 49 75 79 86 91 94 96 
10740,2 4 9 11 18 27 42 43 62 64 68 71 72 79 81 97 98 
10739,4 7 10 20 26 29 30 39 45 47 49 50 51 57 63 69 70 73 75 77 78 88 
10738,4 5 11 12 18 19 21 27 30 31 36 46 50 53 54 57 63 64 70 94 95 96 
10737,7 8 15 24 26 27 28 32 40 42 43 45 50 57 58 59 64 67 72 82 84 86 91 95 100 
10736,2 5 10 27 28 46 54 68 77 83 97 99 
10735,1 7 11 16 17 21 26 37 50 52 62 70 74 81 82 83 85 88 90 91 92 
10734,10 14 15 37 43 45 49 54 64 73 74 75 91 
10733,1 5 8 9 10 11 18 19 28 30 55 58 63 64 69 73 74 75 87 92 99 
10732,1 7 11 13 14 20 30 32 34 36 41 57 62 67 80 83 88 89 91 
10731,6 8 14 17 18 40 52 55 63 64 66 67 72 73 78 82 84 91 
10730,4 5 16 17 22 38 41 43 50 51 62 64 72 74 75 77 79 80 85 86 
10299,1 10 11 18 23 27 30 31 36 37 45 47 64 78 84 87 91 98 
10298,1 2 7 18 21 25 30 47 53 55 63 64 67 74 79 81 90 97 
10297,12 14 17 21 30 33 35 37 44 53 65 82 
10296,1 2 5 12 13 14 15 17 20 29 32 33 35 40 41 44 45 46 47 48 53 63 69 72 78 84 92 94 
10295,14 18 19 20 25 28 31 32 33 38 54 56 59 63 75 77 88 90 
10294,1 7 8 10 16 17 18 19 20 23 25 27 28 34 42 44 46 53 61 75 79 83 84 89 93 96 98 
10293,1 3 27 31 36 50 69 70 75 81 88 90 94 96 
10292,9 13 22 23 24 33 43 47 48 49 52 57 62 66 70 73 82 85 86 87 89 
10291,1 3 4 5 8 9 51 61 64 69 73 81 90 97 
10290,2 6 13 19 21 22 24 26 35 37 40 42 48 51 52 57 72 74 81 85 86 91 92 96 97 
10729,20 27 33 40 42 45 49 53 54 58 66 67 76 79 80 84 86 91 92 95 
10728,6 7 12 13 21 24 25 29 32 35 39 40 42 43 45 46 47 49 53 60 62 66 73 77 79 94 96 
10727,9 12 17 19 21 24 25 35 38 42 43 50 53 56 57 59 63 66 76 79 84 
10726,7 17 18 28 34 39 41 42 46 53 57 59 69 79 80 81 89 95 96 
10725,7 22 25 33 34 39 41 50 54 57 60 67 89 94 97 
10724,14 16 32 33 39 40 41 47 52 53 54 57 67 68 69 71 76 79 80 87 89 100 
10723,3 13 15 18 19 24 30 33 34 44 51 54 64 70 73 84 86 89 93 94 
10722,8 9 16 19 22 23 25 26 33 36 37 42 49 50 56 60 61 66 76 77 85 90 94 95 96 98 
10721,1 16 17 20 22 24 27 29 32 41 51 53 58 87 
10720,9 12 20 25 31 32 34 40 46 48 55 65 73 75 79 82 86 89 90 93 
10289,5 7 8 9 15 23 25 40 44 47 48 52 58 77 79 91 100 
10288,1 4 5 8 15 19 20 22 27 36 43 44 45 46 56 57 67 74 80 85 99 
10287,4 5 16 32 39 40 42 44 51 54 63 66 71 77 78 82 84 85 87 89 92 94 99 
10286,2 7 9 20 36 38 40 42 53 54 63 64 69 71 75 94 100 
10285,14 24 26 37 40 51 53 55 58 60 61 62 63 67 70 71 75 88 92 96 98 
10284,1 19 27 28 30 36 42 48 59 69 73 76 78 86 87 90 91 92 94 
10283,2 8 9 11 17 23 27 29 37 46 61 62 80 84 91 
10282,2 8 18 29 30 32 34 38 41 42 47 50 54 57 61 62 64 65 68 72 74 75 81 83 88 92 
10281,11 14 15 16 18 21 26 28 32 39 43 47 56 58 62 74 84 
10280,17 22 23 30 43 45 50 55 62 68 71 72 79 80 85 90 97 
10719,8 9 16 17 19 25 28 31 33 34 35 39 51 53 59 61 62 65 68 72 76 82 84 89 100 
10718,2 3 5 9 11 18 20 24 25 34 35 37 44 45 47 55 64 81 82 87 90 92 97 
10717,5 6 11 12 15 16 20 30 34 40 41 47 48 50 51 52 59 60 61 65 71 77 81 82 89 94 
10716,7 18 27 31 44 47 49 65 66 71 77 78 81 82 85 91 92 94 96 
10715,2 4 8 10 15 22 29 45 47 48 49 53 61 62 65 67 72 76 83 92 93 95 100 
10714,1 3 9 10 17 19 21 22 33 37 40 43 45 59 63 69 71 73 76 82 87 96 
10713,3 11 19 39 43 54 59 64 71 72 74 76 79 84 85 90 91 93 94 98 99 
10712,3 5 8 10 13 15 18 34 39 47 48 54 60 66 67 74 75 81 83 89 91 93 95 98 
10711,12 18 25 26 28 29 51 54 65 78 82 89 90 93 100 
10710,9 16 25 31 45 51 53 55 66 73 77 79 84 88 89 95 
10279,17 21 25 37 49 51 56 61 64 67 69 71 73 74 80 85 88 96 98 
10278,2 4 8 10 15 16 17 18 23 39 40 46 49 53 62 66 74 80 82 86 87 91 
10277,2 19 20 21 25 28 29 45 48 57 66 68 71 75 78 88 89 91 93 94 96 
10276,5 6 11 13 18 19 20 21 22 23 25 26 28 31 32 34 35 44 46 65 74 78 79 80 84 88 93 
10275,9 21 32 34 41 42 44 47 48 51 58 62 69 73 85 87 100 
10274,4 13 22 39 48 53 55 65 70 78 83 87 90 92 
10273,11 12 13 18 24 38 46 48 57 59 73 74 80 91 
10272,3 4 7 21 22 35 38 40 42 46 58 61 69 71 83 87 95 99 
10271,1 2 3 5 7 9 11 16 26 27 37 46 49 50 52 55 60 62 66 68 70 75 85 99 
10270,5 6 16 18 34 43 55 69 70 72 73 75 78 84 97 
10709,1 2 10 13 45 46 51 54 55 73 74 75 90 94 96 100 
10708,2 14 24 26 33 34 36 37 39 40 45 47 53 54 58 64 69 71 74 90 91 93 96 
10707,4 14 23 25 27 29 33 45 49 58 61 69 71 86 93 94 
10706,3 6 11 16 26 28 40 44 45 48 49 51 52 56 69 75 88 91 93 99 
10705,8 15 24 39 64 69 72 82 84 91 95 99 
10704,4 11 18 28 30 31 34 43 57 59 60 71 75 84 90 93 98 
10703,15 16 17 20 25 28 29 30 41 44 51 54 59 60 61 67 69 74 79 82 91 93 94 98 
10702,4 8 10 16 24 36 37 45 48 52 54 56 57 62 63 68 74 80 81 85 88 96 
10701,2 9 23 24 25 42 44 46 47 48 49 54 60 64 74 75 81 82 83 84 89 92 98 100 
10700,1 3 6 9 17 18 19 20 23 33 38 46 50 56 64 68 86 87 90 98 
10269,3 5 9 15 18 19 24 50 56 58 59 60 65 70 77 78 83 85 90 93 
10268,4 6 12 27 29 31 32 38 39 40 43 47 50 61 63 78 79 81 85 87 90 92 99 
10267,3 9 18 27 30 35 39 41 45 48 53 55 56 62 63 66 70 80 84 86 88 91 
10266,2 10 21 27 35 36 42 57 59 60 69 70 73 79 83 89 
10265,3 7 15 17 21 28 34 52 56 61 68 70 74 78 80 84 99 
10264,2 8 10 13 36 40 44 47 58 59 65 70 82 88 96 
10263,4 5 8 9 11 15 17 18 20 21 24 25 43 51 54 57 65 77 81 86 90 94 98 99 
10262,28 31 35 39 42 44 56 59 61 63 64 70 71 97 
10261,1 4 6 8 15 24 26 37 39 40 41 43 61 63 65 68 73 78 89 90 96 99 
10260,10 12 14 29 30 38 42 52 53 60 71 72 73 78 80 81 83 85 87 93 97 99 
10259,4 7 8 12 14 15 17 27 40 55 58 71 82 94 99 
10258,11 13 15 31 32 34 38 52 53 63 66 68 75 79 80 83 86 87 
10257,10 14 16 17 19 36 39 41 45 48 56 57 64 65 76 80 83 89 94 97 98 
10256,1 5 7 19 24 29 46 47 51 57 62 64 66 71 73 78 84 87 91 96 97 
10255,14 16 28 44 45 47 59 64 65 69 74 75 76 83 85 94 95 
10254,2 6 17 25 29 34 35 39 42 47 53 65 68 71 73 
10253,18 23 26 42 43 45 46 54 55 72 73 75 76 83 86 87 98 
10252,2 4 19 23 25 26 33 35 38 41 44 46 49 51 52 57 61 62 68 69 82 89 
10251,1 5 6 7 17 19 26 30 31 33 37 40 49 59 72 74 75 76 77 83 86 96 99 100 
10250,8 25 26 27 28 30 31 45 52 53 54 78 81 85 88 97 98 100 
10249,4 5 6 16 21 27 28 35 36 38 42 44 47 55 73 92 93 98 
10248,1 4 10 19 20 25 36 43 51 58 60 62 64 74 80 93 
10247,3 5 17 20 27 36 37 39 41 43 45 47 53 55 57 63 67 70 85 87 89 95 98 
10246,2 8 17 25 29 39 42 43 48 52 59 60 62 65 69 77 78 79 82 85 88 92 98 
10245,4 35 38 40 42 43 51 54 58 61 77 82 83 87 95 98 100 
10244,3 7 9 20 21 28 36 37 39 47 49 50 56 57 65 71 79 86 96 100 
10243,4 6 14 21 30 31 34 40 46 50 51 58 61 63 71 77 80 81 84 99 
10242,1 7 12 15 16 20 22 30 31 32 34 36 48 51 62 69 71 85 88 90 91 95 100 
10241,6 14 21 31 34 35 41 45 47 58 61 63 71 78 84 87 89 91 95 
10240,13 19 21 38 63 68 69 70 81 
10239,9 16 22 23 25 55 62 66 69 70 76 85 87 88 91 94 95 98 
10599,12 19 26 40 42 43 61 62 76 83 84 88 100 
10238,6 11 15 17 26 27 30 38 43 53 55 58 60 62 63 65 70 76 77 80 82 84 87 91 
10598,6 10 11 16 20 21 24 29 34 35 36 39 51 56 64 83 84 85 96 97 99 
10237,3 4 9 27 29 31 33 34 37 45 50 75 82 84 89 91 93 
10236,22 23 28 33 38 46 47 54 60 61 71 76 78 80 84 99 
10597,7 9 10 16 17 18 24 29 38 44 47 49 66 73 74 83 98 99 
10235,3 4 9 10 11 13 14 15 39 43 44 46 57 63 71 77 78 79 85 87 98 100 
10596,4 7 16 20 29 30 41 42 51 54 57 58 69 91 96 99 
10595,12 18 20 23 25 26 45 51 52 53 58 62 65 68 73 77 88 93 99 
10234,3 9 11 15 24 25 31 32 33 46 50 57 64 79 88 98 
10233,3 11 13 18 19 41 44 46 47 49 53 54 55 56 57 59 61 70 78 80 84 90 91 
10594,3 8 14 27 32 33 38 47 56 57 59 61 62 66 74 80 83 84 90 91 95 97 
10593,11 13 23 33 34 40 44 47 48 55 64 75 78 79 84 86 88 96 
10232,2 4 21 22 23 25 26 27 30 31 45 48 53 58 62 63 68 71 74 91 
10231,1 9 11 13 15 27 32 33 37 49 54 55 64 65 77 81 93 
10592,2 20 23 32 33 36 56 58 59 68 72 73 74 75 82 89 92 96 
10230,3 11 13 14 15 17 18 19 20 21 37 38 42 46 54 63 66 68 69 72 74 77 87 92 95 
10591,3 9 24 25 27 33 37 40 45 48 49 52 57 58 60 77 82 85 87 88 89 93 94 99 
10590,2 7 10 14 17 18 31 48 53 55 61 63 67 73 74 75 78 82 83 84 87 
10229,10 11 13 14 16 20 26 30 33 43 52 60 65 66 72 82 86 89 92 96 
10228,27 33 34 39 40 43 44 46 48 53 62 65 66 72 88 93 94 
10589,1 21 27 28 33 35 38 49 50 52 62 64 74 81 92 95 100 
10227,2 4 5 7 11 13 15 21 25 26 27 29 31 34 39 44 50 55 56 61 68 69 79 83 84 85 87 88 90 93 96 98 
10588,1 2 3 4 16 19 23 24 25 26 27 29 30 35 36 37 39 45 53 55 66 68 71 74 77 79 88 97 
10226,1 9 11 27 33 41 43 44 45 46 50 56 60 72 74 75 76 82 
10587,1 8 15 19 26 34 44 48 53 55 62 67 72 96 99 100 
10225,7 20 23 24 29 33 36 39 58 65 66 73 80 92 94 98 99 100 
10586,4 9 11 14 16 18 20 21 25 29 31 32 43 49 52 61 67 68 69 71 82 87 90 93 97 
10224,5 11 29 33 35 36 42 46 59 65 68 75 78 80 81 88 91 93 
10585,4 5 7 14 19 24 30 32 36 40 41 48 51 53 57 59 62 65 66 69 85 88 89 100 
10584,10 19 25 31 32 38 39 40 54 59 62 65 69 79 86 90 94 95 
10223,7 8 20 23 32 39 41 49 53 56 57 60 64 70 77 78 81 82 85 89 90 97 
10222,27 29 30 43 54 72 78 88 92 96 98 
10583,5 12 13 16 20 42 44 50 51 53 56 64 74 77 78 85 87 96 
10221,8 9 25 33 41 42 47 55 60 61 62 78 90 95 
10582,2 3 4 16 18 21 23 28 29 41 44 50 51 53 72 75 82 83 90 94 
10220,2 14 18 21 27 30 31 35 38 41 42 43 44 54 55 57 59 60 64 73 74 76 77 86 89 92 
10581,4 8 11 16 21 23 31 34 38 39 43 47 50 61 63 72 83 
10580,2 5 7 11 17 21 62 63 71 77 79 80 82 93 96 98 
10219,2 4 6 12 15 18 21 26 42 43 48 61 66 76 80 82 83 85 88 89 92 96 
10218,8 10 11 18 27 31 34 37 44 55 60 66 73 77 81 84 85 88 95 97 
10579,1 4 7 15 16 20 25 28 40 41 46 57 60 65 67 99 
10217,5 8 17 26 32 36 37 39 47 50 58 61 74 78 86 96 
10578,4 11 12 14 20 24 27 32 34 40 52 54 56 57 60 61 63 74 76 85 92 98 100 
10577,8 21 24 25 27 31 33 42 50 52 56 58 62 65 66 68 69 74 77 84 88 90 96 
10216,8 13 14 19 22 23 28 29 33 35 40 55 63 66 68 80 82 88 91 93 94 98 
10215,3 12 20 25 26 28 29 32 37 40 43 47 48 51 52 60 62 67 77 79 80 83 88 90 94 97 
10576,2 3 10 12 17 23 24 25 29 35 42 56 60 68 70 71 73 77 80 81 85 92 93 
10214,9 21 26 29 35 36 39 41 44 57 59 62 65 67 82 84 94 97 98 99 
10575,1 8 9 10 13 14 16 17 19 20 22 33 34 37 39 45 50 59 72 76 85 86 88 94 96 100 
10574,9 12 16 22 26 30 40 43 48 52 53 54 58 76 88 91 95 
10213,3 4 6 9 10 16 21 22 39 41 43 47 52 53 54 62 66 75 84 89 90 100 
10212,5 6 12 13 15 17 19 20 24 28 29 32 35 37 38 40 43 44 46 47 53 54 64 65 74 83 84 94 95 98 
10573,3 7 12 15 20 25 38 44 47 51 64 84 87 
10211,10 13 15 21 22 23 28 46 57 58 63 74 80 87 90 94 95 
10572,3 8 9 11 21 23 27 31 32 36 47 53 54 59 60 62 67 69 70 78 80 86 
10571,6 12 15 20 29 36 41 43 44 45 54 55 62 67 68 84 85 88 95 
10210,1 14 16 22 26 30 31 34 38 45 46 48 74 75 78 81 84 88 90 91 93 
10570,4 16 18 29 30 33 41 46 55 57 60 68 70 73 78 90 92 95 
10209,9 17 22 23 27 31 32 33 38 39 42 45 59 64 77 80 82 
10569,6 16 29 41 43 48 50 67 69 73 77 80 89 91 
10208,1 4 12 16 21 29 38 53 55 60 66 69 79 83 86 90 92 93 100 
10207,3 8 14 15 18 22 24 25 31 32 33 34 40 44 48 53 77 81 85 89 93 
10568,1 11 16 18 29 33 49 50 65 72 79 80 95 96 97 
10567,6 8 12 13 20 27 32 51 60 62 67 68 89 92 97 98 100 
10206,2 7 10 13 14 15 20 21 22 27 29 38 49 61 65 66 67 73 78 80 84 85 86 88 90 91 93 
10205,9 11 29 30 33 34 46 48 54 60 61 66 67 78 83 87 90 93 
10566,4 6 7 12 22 37 44 47 51 58 60 65 66 69 70 74 80 84 85 93 
10204,4 8 9 10 14 19 20 21 22 23 25 31 39 40 42 45 50 52 55 64 83 89 90 93 94 95 98 100 
10565,4 7 9 11 16 20 23 30 32 46 49 52 55 63 71 76 92 96 
10203,3 5 7 13 30 31 35 42 43 44 46 50 51 60 63 78 83 86 91 94 
10564,1 2 13 22 26 27 32 33 41 43 56 57 66 75 86 91 98 99 
10563,5 6 18 21 36 43 44 46 49 50 54 58 59 64 68 73 78 81 83 87 89 90 97 
10202,3 5 7 11 14 16 18 22 24 26 32 38 39 41 47 55 68 73 74 79 84 90 91 98 99 100 
10562,9 13 31 38 42 44 46 48 53 62 65 68 74 77 80 81 
10201,2 7 8 9 14 15 16 17 24 37 38 43 45 47 56 66 74 75 76 85 91 95 
10200,2 7 11 20 36 38 44 51 56 60 61 68 69 71 77 79 83 94 
10561,3 10 17 18 23 25 26 27 29 32 33 48 50 51 57 63 67 69 73 76 78 85 87 88 99 
10560,10 24 31 34 41 43 44 60 61 66 69 73 82 86 90 91 92 95 
10559,1 3 5 8 16 18 19 20 22 23 24 25 27 28 35 36 43 45 48 53 54 63 64 69 71 73 83 85 91 92 95 
10558,10 13 30 43 45 51 56 84 85 87 88 92 
10557,12 14 17 19 26 35 44 45 47 51 59 66 68 70 85 89 91 99 
10556,1 4 6 14 22 25 30 31 32 34 41 42 43 61 63 64 65 69 75 79 81 85 99 
10555,3 16 22 23 25 34 35 36 42 44 45 48 49 55 56 59 60 79 82 83 92 
10554,2 4 6 8 11 16 18 21 23 26 27 28 41 42 45 51 53 56 60 63 77 80 92 100 
10553,8 12 35 40 46 50 51 52 65 67 70 71 80 82 83 96 
10552,1 13 17 18 20 25 26 30 37 38 43 51 54 57 59 64 66 68 74 76 77 79 81 90 93 94 98 
10551,1 7 11 15 16 19 21 22 24 30 33 38 50 57 60 85 92 97 
10550,4 9 15 17 20 27 32 36 39 47 49 51 52 57 71 72 76 78 80 82 85 88 90 
10549,3 4 9 11 12 25 27 28 32 38 39 42 43 47 50 53 66 69 74 76 77 84 87 88 99 
10548,2 3 4 9 17 23 42 43 54 55 64 74 77 84 87 90 
10547,3 7 17 18 19 23 26 31 36 42 48 59 66 67 69 75 80 83 92 93 95 96 
10546,9 12 17 19 22 24 27 34 35 39 40 41 43 58 60 66 82 85 90 92 93 94 95 96 97 99 
10545,9 17 20 24 25 29 33 34 39 41 44 60 68 74 78 82 84 96 97 100 
10544,3 5 6 17 19 24 27 37 50 54 55 56 58 59 67 68 69 71 90 97 
10543,4 10 13 16 22 33 56 57 58 61 62 70 71 74 77 80 88 91 100 
10542,7 13 27 29 30 32 34 35 40 48 49 54 57 63 70 80 85 87 88 89 93 96 100 
10541,3 8 9 10 11 24 25 36 38 41 42 43 44 50 54 55 74 76 87 90 100 
10540,7 11 17 18 20 22 30 32 37 38 39 42 47 48 49 50 54 63 64 74 75 77 94 99 
10539,4 9 12 13 15 16 42 49 54 55 59 78 92 95 96 
10538,13 14 16 17 19 24 26 27 29 45 46 49 56 61 66 68 71 72 80 
10899,9 12 23 25 26 43 47 72 79 81 85 100 
10898,7 16 17 18 19 21 25 26 29 35 37 40 43 59 61 64 66 72 77 83 86 87 
10537,2 16 25 27 28 30 39 41 47 52 55 64 68 75 76 77 79 91 100 
10536,1 2 3 7 10 11 12 19 21 25 28 44 49 65 74 77 82 88 96 98 
10897,1 8 11 21 26 39 41 43 51 58 65 68 69 71 75 78 80 94 
10535,15 20 22 29 31 35 38 44 51 55 66 68 80 83 86 88 94 99 
10896,2 4 5 10 16 18 22 24 30 40 46 49 52 53 55 60 64 72 81 89 96 100 
10534,4 7 20 28 29 34 37 39 49 56 66 68 71 77 82 89 90 100 
10895,2 8 9 12 13 17 19 29 32 38 43 45 46 47 48 49 51 55 62 72 75 77 89 94 95 96 98 99 
10533,9 11 12 14 25 27 34 40 43 46 56 59 64 69 71 79 86 87 88 99 
10894,2 4 13 15 21 26 28 30 36 39 53 56 57 69 71 75 76 77 80 94 
10893,14 17 20 22 25 31 33 35 40 42 45 51 62 66 67 68 86 89 96 98 
10532,9 14 18 39 42 54 62 74 79 82 90 
10892,4 11 13 21 23 25 28 31 32 42 43 52 55 56 61 65 81 88 92 97 
10531,2 3 6 7 9 27 30 33 39 52 54 57 61 75 84 85 97 
10530,5 9 31 33 34 38 39 43 50 51 52 54 56 57 61 74 75 76 78 81 82 89 92 95 97 
10891,2 5 7 17 26 28 29 30 31 33 37 40 42 43 69 70 79 87 
10890,8 9 11 12 13 15 23 25 30 31 34 37 38 44 46 48 50 51 53 57 58 59 76 77 79 89 98 99 100 
10099,6 9 18 27 28 31 32 33 38 41 44 45 48 60 79 81 83 85 92 93 
10098,1 2 3 4 18 22 29 30 36 38 45 47 49 55 62 64 67 73 77 78 80 82 84 87 
10097,3 4 6 20 26 33 36 38 40 49 51 62 63 71 79 80 86 92 
10096,2 3 5 10 11 13 26 27 28 30 44 45 46 58 59 65 70 78 85 86 92 96 
10095,4 9 12 13 17 20 22 23 27 34 35 38 41 53 55 56 57 58 59 62 65 72 75 77 78 79 83 89 90 92 99 
10094,2 21 25 27 29 36 38 39 41 46 48 54 56 60 61 83 89 96 97 
10093,1 6 9 10 13 16 25 46 49 51 56 61 63 70 83 89 93 98 99 100 
10092,1 3 4 9 16 21 27 38 53 54 57 60 61 64 67 68 69 74 76 77 89 
10091,2 8 11 14 21 22 23 38 48 69 70 72 79 87 91 94 97 
10090,2 5 15 16 17 31 33 37 50 53 54 57 63 70 72 76 79 80 83 86 88 91 92 99 100 
10529,3 5 24 34 43 47 52 58 83 88 94 97 
10528,1 6 15 16 18 20 21 22 26 28 31 38 40 41 42 54 61 68 73 76 78 79 81 82 83 87 97 
10889,1 2 10 28 30 34 35 47 53 56 57 58 60 61 75 79 82 92 97 99 
10527,7 13 26 28 29 32 34 45 47 53 67 70 72 81 94 
10888,2 7 19 25 29 33 35 37 39 45 53 54 56 62 68 74 83 87 89 90 93 95 
10887,8 12 13 16 19 29 30 36 37 41 43 44 46 47 49 56 65 78 89 92 93 96 97 100 
10526,3 8 15 17 18 23 34 35 36 39 40 53 58 60 63 65 66 74 79 83 91 94 95 
10525,5 9 10 11 13 20 26 32 43 44 45 50 69 79 80 85 86 91 
10886,1 5 17 18 19 20 22 23 25 26 29 40 47 52 56 57 73 77 78 79 81 83 86 87 90 91 92 99 
10885,4 6 12 13 16 21 25 29 32 34 37 41 42 47 58 67 69 76 77 86 88 91 96 98 99 
10524,4 5 13 24 36 37 39 51 54 59 69 77 79 83 95 
10884,7 9 10 14 20 22 24 30 36 55 66 68 81 82 86 92 96 97 100 
10523,6 8 10 23 26 29 44 55 57 63 82 85 92 93 
10883,5 9 13 15 19 23 28 29 32 43 47 48 50 57 59 63 64 68 72 84 89 95 
10522,1 6 14 17 23 28 30 33 43 46 52 53 59 62 78 86 87 91 98 
10882,9 10 16 23 25 41 43 53 56 61 67 74 77 80 82 85 92 96 99 
10521,1 3 7 9 21 30 33 39 42 47 52 62 74 89 91 93 
10881,9 15 17 29 30 34 35 51 53 56 62 63 64 65 68 74 
10520,3 4 7 10 11 13 18 23 25 30 36 37 38 43 44 49 61 66 70 80 87 92 99 100 
10880,3 4 5 6 8 10 13 21 26 32 33 35 36 39 41 43 44 46 57 58 62 69 70 71 74 83 84 96 98 99 100 
10089,2 3 4 5 9 11 34 36 43 44 46 47 49 63 64 69 74 78 83 91 93 94 
10088,4 9 11 14 16 28 29 33 34 39 40 43 45 46 50 57 69 74 75 82 94 96 99 
10087,6 7 9 11 13 19 20 28 30 35 37 39 41 43 50 55 68 69 70 74 84 87 89 90 92 
10086,4 7 9 13 14 18 28 30 37 38 42 46 47 50 58 66 71 72 81 82 87 88 90 92 95 97 98 
10085,1 3 4 5 13 22 23 35 48 50 52 55 66 69 71 73 77 79 80 81 82 84 86 89 98 99 
10084,1 5 8 13 14 31 33 34 37 38 41 42 46 57 58 64 83 89 92 94 99 
10083,4 5 6 7 12 23 25 33 37 38 54 56 64 67 70 73 78 81 82 84 85 86 
10082,2 3 5 7 18 19 25 26 39 46 54 61 63 67 68 72 84 86 87 89 91 92 97 98 
10081,6 10 25 26 30 32 38 40 41 43 44 45 47 49 58 60 72 74 88 92 94 96 
10080,1 8 11 13 15 17 18 19 21 24 30 33 38 40 48 49 59 71 74 75 77 85 86 94 95 
10519,2 5 14 18 19 21 33 34 37 39 42 43 49 52 62 66 69 70 76 89 95 98 
10518,3 13 16 17 32 37 46 53 55 59 61 66 73 74 75 85 86 96 
10879,1 6 7 12 14 17 19 22 25 28 29 32 51 57 60 61 62 63 64 67 84 86 98 
10878,13 23 28 43 45 51 55 58 59 66 74 89 94 98 
10517,1 3 16 24 26 30 35 37 39 49 54 61 63 64 66 67 76 78 82 95 99 
10516,1 6 7 8 12 15 16 20 22 23 25 26 32 37 44 45 52 53 59 62 74 86 91 93 95 99 
10877,3 4 5 11 25 27 29 35 40 42 43 44 45 46 60 64 68 69 72 77 80 83 86 87 88 90 95 
10876,11 14 16 17 18 22 25 28 29 38 49 51 53 57 59 61 63 74 77 86 87 91 
10515,4 18 19 27 29 42 46 48 54 61 63 84 89 
10514,6 11 29 44 48 57 61 80 85 86 89 91 96 97 
10875,3 6 11 19 20 35 37 49 52 53 54 61 62 69 70 71 75 77 80 84 86 88 95 99 
10513,1 5 9 16 20 23 35 41 47 52 59 60 66 70 71 72 81 82 85 95 99 
10874,3 27 40 45 56 57 61 65 68 72 74 81 82 89 94 95 96 100 
10512,11 21 23 24 26 29 39 47 49 52 56 57 58 62 71 72 75 79 80 85 98 100 
10873,1 4 12 15 18 19 21 36 40 41 42 49 53 58 59 62 63 68 72 83 86 89 
10511,5 17 18 23 29 31 34 35 43 53 54 64 70 73 91 95 96 99 
10872,3 10 15 17 24 32 33 37 38 43 44 49 50 58 62 63 64 69 72 74 78 79 91 97 98 100 
10510,9 12 13 16 17 20 23 24 25 27 33 40 44 47 50 65 72 75 76 88 91 93 94 98 
10871,6 9 11 13 14 29 45 46 60 65 78 81 83 89 100 
10870,3 4 14 15 23 24 36 41 42 46 51 55 57 63 66 77 80 83 85 91 94 96 99 100 
10079,8 13 20 23 31 40 43 51 59 66 67 77 86 
10078,5 8 11 22 33 44 48 51 57 63 90 93 
10077,5 12 25 27 28 33 41 43 44 50 51 53 56 57 59 67 70 72 73 76 77 87 95 
10076,9 11 21 23 30 34 39 41 43 50 52 58 66 71 72 73 80 83 84 88 
10075,5 6 19 28 43 47 48 49 51 54 58 67 75 88 94 
10074,2 6 9 10 12 19 29 30 35 37 41 49 50 56 63 71 90 95 
10073,5 8 10 18 19 21 24 32 33 34 35 36 44 45 48 49 63 77 79 81 83 84 93 
10072,10 16 18 23 30 31 44 45 46 52 76 84 86 90 98 
10071,5 9 10 11 19 21 24 26 28 40 43 44 49 54 55 65 68 74 94 99 
10070,4 6 7 17 20 37 45 46 54 61 65 68 69 78 79 86 
10509,5 13 18 21 23 42 45 46 58 60 63 66 76 77 79 83 84 
10869,6 10 14 16 19 39 47 49 55 69 71 73 76 77 81 82 89 96 97 
10508,1 3 4 7 11 14 22 24 40 46 52 56 57 58 60 61 72 74 89 92 97 100 
10868,5 8 13 15 16 30 36 37 43 48 52 58 64 68 70 74 77 79 82 84 85 88 92 99 
10507,1 2 7 8 14 22 23 33 40 45 50 52 53 63 69 70 73 76 81 82 86 
10506,4 18 22 23 25 30 38 42 45 54 55 72 78 79 83 89 96 
10867,3 8 12 13 21 25 40 44 47 54 61 62 64 70 74 86 89 97 98 
10505,8 10 16 17 19 35 40 47 48 52 59 61 76 84 86 92 
10866,1 3 8 14 16 17 20 21 23 26 31 40 42 43 56 61 64 68 73 74 76 81 88 99 100 
10504,12 13 16 20 21 33 40 49 54 65 69 76 79 87 88 96 
10865,2 4 18 20 21 22 28 31 32 46 61 62 76 77 78 79 81 92 93 97 
10503,5 29 31 32 40 43 45 46 48 62 63 64 65 66 71 74 76 80 88 91 95 
10864,2 5 10 15 28 30 33 38 42 44 46 65 75 76 82 94 96 99 
10863,5 11 19 20 22 31 32 34 41 42 44 49 51 53 71 72 74 80 84 88 92 
10502,1 4 8 9 16 19 28 39 48 53 55 66 69 81 90 
10501,4 5 8 9 21 27 30 31 34 35 37 40 42 43 54 56 66 67 72 83 86 89 93 98 
10862,2 13 14 21 33 36 37 43 45 47 48 58 60 63 66 74 76 78 79 85 86 88 93 
10500,2 6 7 12 24 31 36 37 44 45 50 57 61 62 67 69 70 71 74 77 89 90 100 
10861,2 5 7 12 18 23 26 29 31 37 42 43 54 59 69 79 81 89 95 96 98 
10860,8 16 18 32 44 45 50 63 64 84 89 94 95 
10069,2 6 9 12 30 34 39 48 56 65 71 75 80 83 85 86 88 
10068,2 7 8 11 15 17 20 23 28 29 30 33 36 42 43 44 50 51 52 53 55 65 68 72 77 83 91 96 97 
10067,1 3 6 8 17 34 35 42 45 49 51 57 69 74 75 78 84 95 99 
10066,3 4 6 8 10 14 23 32 34 40 41 45 46 47 50 52 54 57 61 63 65 76 78 81 84 86 87 95 96 97 
10065,5 11 16 18 22 34 36 38 39 40 41 43 44 50 51 53 55 62 65 70 72 75 83 85 89 95 97 98 100 
10064,2 5 7 9 10 11 24 30 31 40 50 55 58 60 61 62 76 79 80 81 85 86 96 99 100 
10063,2 9 21 25 29 56 58 61 62 64 71 75 78 83 
10062,2 6 8 15 17 18 19 22 34 39 41 44 48 56 70 71 72 76 80 88 94 100 
10061,4 5 10 13 17 22 30 32 41 54 55 69 74 75 76 89 99 
10060,1 3 9 20 25 32 36 38 40 45 47 51 52 61 64 67 77 78 81 85 87 88 91 97 
10859,8 23 32 36 44 48 49 56 58 65 66 68 77 88 89 92 
10858,14 16 19 21 36 38 43 62 63 64 74 75 88 89 90 
10857,10 16 18 20 26 28 29 30 32 36 38 39 41 45 47 50 52 54 58 59 67 71 72 74 75 77 78 79 80 84 87 88 90 93 
10856,4 6 7 11 16 19 25 26 30 31 34 40 42 43 44 54 57 59 67 80 82 84 85 86 87 100 
10855,1 3 10 28 30 38 48 52 59 60 64 67 68 
10854,6 8 24 25 29 37 41 45 46 50 51 52 54 57 70 71 78 79 83 85 86 89 90 
10853,1 2 4 16 18 23 25 45 48 49 60 68 71 74 75 76 83 95 99 100 
10852,2 16 17 25 33 35 49 51 52 55 60 64 68 71 72 73 79 85 87 91 97 
10851,2 9 12 16 17 19 32 37 40 42 44 46 65 74 76 77 78 80 84 87 88 92 
10850,1 3 9 10 14 38 39 42 43 45 49 54 66 74 79 85 92 98 
10059,9 16 17 24 25 34 40 45 54 64 72 79 81 83 86 90 92 
10058,6 7 8 11 16 19 25 26 28 37 38 40 43 44 45 50 54 68 71 77 78 82 89 92 93 95 98 100 
10057,2 3 6 17 18 25 36 37 48 55 64 81 93 99 
10056,3 7 21 32 34 40 44 46 48 57 58 69 70 75 80 82 83 85 87 91 
10055,1 10 15 19 22 23 29 31 32 45 48 51 67 70 72 77 79 86 
10054,5 19 22 23 25 31 32 33 35 36 38 42 48 52 62 68 84 85 
10053,3 13 14 20 24 32 37 39 46 54 56 57 67 75 76 87 90 94 100 
10052,1 2 5 7 10 12 17 28 32 45 51 63 66 67 68 73 75 77 78 79 80 91 92 96 
10051,4 11 13 17 24 35 36 39 43 50 52 57 62 68 72 74 78 84 92 
10050,1 2 14 19 20 21 25 29 34 40 41 47 51 60 75 81 86 90 95 97 
10849,5 11 14 26 27 28 32 35 42 45 47 50 60 62 65 70 71 73 78 79 81 82 87 91 95 97 98 100 
10848,4 8 13 15 18 21 26 29 45 50 55 56 62 63 72 84 
10847,2 9 14 20 22 23 24 25 26 30 38 42 45 47 54 67 69 78 81 85 
10846,5 8 13 18 23 24 27 30 32 34 49 51 52 59 65 69 76 77 82 85 90 95 100 
10845,6 13 20 21 24 31 38 44 50 54 58 59 65 80 81 82 86 89 90 
10844,1 2 5 10 14 16 22 28 32 44 48 50 51 52 53 54 56 63 74 96 
10843,2 5 8 13 27 43 45 53 61 62 67 68 76 78 79 88 98 99 
10842,2 4 10 14 20 24 31 39 47 49 54 56 57 58 60 63 65 66 67 69 72 75 90 91 98 99 
10841,13 17 25 36 38 41 43 46 71 74 76 78 84 86 87 95 
10840,1 4 6 7 27 29 32 38 43 51 53 54 62 66 69 71 75 76 81 85 94 98 
10049,7 8 24 30 33 44 46 53 61 65 73 77 85 89 
10048,2 6 26 35 38 39 47 50 60 63 72 79 94 
10047,8 15 19 20 32 35 38 65 66 67 68 70 77 78 100 
10046,2 5 6 9 14 15 16 17 19 22 25 36 39 45 52 53 56 62 72 81 84 88 91 99 
10045,2 10 15 17 18 27 30 34 36 37 49 59 62 64 65 67 69 78 83 89 99 
10044,1 8 13 17 33 48 50 55 68 76 79 80 88 95 98 
10043,4 8 11 14 16 17 18 21 24 35 37 44 47 48 61 63 66 72 74 78 82 86 87 88 90 91 94 95 97 100 
10042,3 15 17 23 25 39 42 44 53 60 62 68 70 80 87 95 100 
10041,6 9 10 11 16 19 20 22 24 28 30 31 32 40 41 44 60 70 71 79 86 93 97 99 100 
10040,1 3 6 7 13 16 31 37 41 42 50 52 53 57 60 65 67 69 70 80 86 89 94 99 
10839,2 4 6 7 10 13 14 16 24 25 34 35 36 38 41 44 46 52 59 61 64 65 68 69 70 78 82 83 88 90 91 93 96 98 99 
10838,4 5 14 18 19 35 38 49 61 62 76 77 80 87 90 92 94 
10837,6 17 24 26 31 32 43 48 49 50 55 56 63 68 71 73 74 75 77 81 85 99 100 
10836,2 5 7 10 15 20 32 33 35 51 52 54 61 76 78 82 84 85 88 95 99 
10835,11 14 15 16 21 22 26 27 28 30 39 43 52 54 63 79 86 88 92 95 
10834,5 8 17 22 23 30 34 37 39 54 59 78 79 84 85 93 94 
10833,3 20 21 23 25 33 37 38 39 43 48 52 62 67 76 89 
10832,1 4 6 9 13 16 19 23 32 33 36 39 44 45 48 65 67 69 79 92 94 98 100 
10831,1 2 3 4 14 21 27 35 44 56 59 62 66 79 81 84 85 91 93 97 
10830,3 5 16 18 21 34 38 41 45 50 53 63 69 77 82 83 90 95 97 
10039,3 13 17 22 25 29 33 34 41 51 56 61 63 84 87 97 
10399,9 18 23 29 36 40 48 52 58 61 62 76 87 88 98 
10038,1 2 4 10 19 20 21 24 28 29 39 44 46 56 59 61 63 65 69 70 81 82 84 85 88 93 94 
10398,10 11 24 35 36 38 45 47 53 54 55 59 63 65 67 74 88 
10037,7 8 9 10 11 16 18 24 32 44 55 60 63 68 72 73 75 79 88 89 
10036,11 16 17 19 22 23 31 35 36 37 49 56 58 63 69 70 75 79 90 91 92 95 98 
10397,2 4 9 11 13 18 22 23 36 45 50 68 74 78 83 87 88 89 98 
10035,4 5 12 13 25 26 35 38 41 45 52 56 57 58 60 65 66 68 69 73 78 79 90 92 
10396,3 6 13 15 21 25 26 43 44 47 49 50 51 62 70 71 73 74 78 80 
10395,6 18 27 28 35 38 44 45 46 54 55 73 83 84 87 94 97 100 
10034,1 5 7 10 12 13 18 20 23 28 33 35 39 42 44 46 55 64 76 78 79 81 83 89 96 100 
10033,4 6 7 13 16 19 20 24 29 37 41 47 58 62 65 77 79 84 88 89 94 98 
10394,1 4 8 10 14 15 22 40 45 61 68 71 78 91 93 98 
10393,13 14 17 20 24 28 36 37 39 41 43 45 47 51 53 56 59 61 70 74 75 76 83 84 86 91 
10032,5 8 17 23 25 30 37 40 48 58 61 65 89 91 92 93 94 97 
10031,1 6 9 10 15 17 24 35 39 44 62 65 67 69 71 74 83 84 89 90 91 95 98 99 100 
10392,4 6 10 14 15 29 36 40 42 50 53 58 62 65 67 70 71 80 85 90 99 100 
10391,8 10 11 12 18 21 22 23 28 30 31 32 36 37 41 44 46 47 51 55 57 63 70 80 85 96 
10030,8 15 17 18 20 23 25 31 41 47 50 60 72 74 76 80 83 85 87 89 91 100 
10390,2 3 4 10 21 30 34 35 41 54 56 59 60 61 63 70 76 89 94 95 
10829,4 7 18 25 26 31 33 35 40 47 52 62 63 64 80 85 87 89 92 95 96 
10828,1 2 6 9 13 15 17 20 31 32 33 36 41 48 52 58 61 67 96 100 
10827,3 6 8 10 13 19 20 21 33 41 42 44 46 47 52 55 68 70 90 93 97 
10826,7 9 10 12 13 16 36 50 53 59 71 77 81 82 84 85 86 
10825,1 9 13 15 18 20 24 26 27 29 35 37 49 60 64 70 77 80 81 82 86 98 
10824,4 5 6 7 16 21 25 29 46 49 52 53 55 58 73 77 78 81 87 91 95 97 
10823,1 6 20 22 30 31 33 36 38 43 60 66 67 73 76 93 96 
10822,1 4 9 10 12 14 17 21 36 38 40 50 54 68 81 83 89 94 96 
10821,6 16 22 27 32 36 50 53 74 75 79 83 85 95 
10820,1 7 14 15 21 22 25 34 38 45 46 47 54 57 59 64 71 78 79 83 92 98 99 
10029,6 7 15 35 43 46 56 63 66 67 68 69 71 75 76 82 97 
10028,6 10 12 22 25 38 39 40 46 48 51 52 62 66 69 80 83 85 98 99 
10389,3 7 13 16 26 27 28 29 31 45 48 49 56 64 67 69 71 73 77 88 89 91 97 99 
10027,4 5 7 11 13 28 37 40 44 46 47 51 59 63 64 71 80 82 88 93 95 99 100 
10388,3 6 7 11 13 15 16 23 26 27 33 36 37 40 45 55 58 67 68 73 78 88 
10387,9 16 24 29 31 32 37 60 61 64 65 66 74 75 84 90 100 
10026,2 4 10 13 19 29 36 53 61 65 68 71 77 82 88 90 91 95 
10025,8 10 21 23 30 32 39 40 42 43 44 48 51 62 63 86 88 90 92 96 97 100 
10386,4 5 13 22 26 35 42 50 58 60 61 64 70 71 75 82 86 96 
10385,6 10 15 17 28 32 38 40 47 65 68 70 73 77 85 90 94 95 
10024,1 7 10 11 13 21 29 41 46 51 52 62 66 72 80 85 88 89 
10384,11 13 23 25 26 38 51 54 65 67 77 81 86 88 
10023,5 9 13 17 18 19 23 24 25 30 31 49 54 62 69 80 81 82 87 92 95 
10383,6 9 14 17 26 30 32 37 39 43 44 49 51 52 53 57 63 64 76 84 90 93 99 100 
10022,2 8 12 16 18 24 28 37 46 50 51 59 67 68 73 78 82 92 93 94 96 
10021,1 14 18 25 31 36 41 42 47 55 56 69 70 71 86 87 88 91 92 94 
10382,3 8 10 14 20 24 25 30 31 32 34 38 41 46 49 51 52 53 54 56 59 62 69 70 75 81 97 
10020,5 7 8 27 36 40 42 57 58 67 70 74 78 93 94 98 
10381,3 9 14 15 24 27 31 32 37 44 48 49 68 72 73 79 81 84 87 92 96 97 
10380,6 11 19 20 22 27 30 40 41 45 55 60 62 63 64 81 82 83 90 91 
10819,1 11 18 23 27 30 33 40 47 55 67 72 77 78 88 90 93 95 100 
10818,9 10 13 19 21 22 30 34 45 52 55 56 61 68 78 81 86 94 
10817,2 14 16 24 30 31 36 37 47 51 55 57 59 65 92 93 95 98 
10816,4 7 15 22 32 33 41 46 57 61 63 64 65 70 74 75 77 86 91 97 100 
10815,9 10 12 14 21 23 25 26 29 31 32 34 42 50 52 55 61 75 77 79 81 89 
10814,9 15 17 22 23 28 30 35 36 38 43 54 58 60 61 63 71 83 84 86 91 92 97 100 
10813,14 27 40 48 51 57 62 73 76 88 
10812,5 10 11 19 30 35 36 41 49 52 54 58 61 65 72 77 87 91 92 94 96 98 
10811,7 8 10 17 18 22 23 24 29 30 44 45 47 51 58 62 68 71 75 76 77 78 84 88 98 
10810,1 10 11 17 21 30 32 35 37 44 49 52 63 66 86 91 95 97 
10019,3 8 20 24 29 31 35 44 48 49 53 57 62 69 71 89 93 98 100 
10018,7 8 11 19 20 31 36 51 69 74 75 76 82 94 96 97 
10379,3 7 26 30 33 37 38 39 41 42 47 48 50 51 57 58 62 63 64 65 71 73 76 78 79 89 90 98 
10378,10 13 14 15 17 20 27 28 37 46 55 56 60 67 68 69 88 99 
10017,3 7 15 19 23 24 32 42 44 45 47 70 77 86 93 97 99 
10377,6 8 19 30 35 39 43 45 51 52 58 59 63 64 66 68 69 73 74 77 81 85 94 96 
10016,2 3 11 19 20 21 36 40 45 46 49 53 60 63 64 70 72 77 81 91 94 96 
10376,7 23 26 31 36 40 45 56 59 62 63 67 68 70 71 79 80 83 88 89 98 
10015,4 5 10 14 20 25 30 38 54 56 62 64 66 72 93 94 96 97 99 
10375,15 17 20 30 33 52 54 58 69 75 76 77 84 86 88 89 91 93 
10014,1 4 9 14 18 21 22 24 26 27 30 31 33 37 42 44 58 59 77 79 85 89 91 
10013,3 4 11 28 30 32 34 35 37 44 49 53 54 57 58 59 60 65 70 71 72 75 78 79 80 85 87 88 92 
10374,3 7 15 18 23 41 42 48 54 55 59 64 74 77 84 85 86 96 
10012,6 9 11 19 24 25 28 36 41 43 48 64 65 83 99 
10373,1 7 8 33 36 42 44 54 64 67 70 71 73 77 82 96 99 
10011,8 20 21 28 33 39 46 52 56 66 72 73 87 95 97 100 
10372,7 16 20 25 44 46 53 55 66 76 79 81 87 
10371,11 20 23 24 32 34 39 43 46 53 54 57 65 72 75 81 85 
10010,5 10 13 25 26 28 35 47 50 56 67 72 78 82 83 84 86 89 92 95 97 100 
10370,7 21 23 29 31 35 46 47 50 55 56 63 67 82 88 90 
10809,2 3 4 20 22 24 28 52 60 62 68 76 92 
10808,3 12 13 20 23 26 27 30 31 36 46 49 53 71 77 90 95 100 
10807,3 17 19 21 24 29 33 36 39 45 48 51 55 60 63 65 72 75 80 81 85 87 89 92 96 
10806,1 3 12 20 28 36 37 41 43 44 47 51 54 61 66 84 96 98 
10805,1 6 8 9 11 18 25 33 36 42 44 47 50 51 57 60 70 75 100 
10804,2 3 6 11 15 18 20 24 26 30 38 39 40 46 47 50 53 62 63 65 68 72 74 76 79 81 84 98 100 
10803,4 5 8 14 17 46 47 49 50 57 60 63 64 77 78 84 87 94 97 
10802,3 5 9 10 14 26 36 37 48 50 53 58 62 70 79 81 99 
10801,4 12 13 15 21 22 45 50 56 67 71 72 73 78 80 82 84 87 90 96 99 
10800,3 5 8 9 15 21 26 31 33 36 40 42 44 45 46 48 56 67 70 71 74 75 82 84 85 87 89 91 
10009,4 10 18 20 21 22 35 42 44 46 52 53 54 67 69 73 76 78 79 81 89 90 
10008,1 11 27 31 33 36 42 52 58 61 62 65 69 71 72 74 75 85 86 96 98 
10369,3 19 26 30 32 40 42 46 48 56 62 67 79 82 83 95 
10368,20 22 23 28 40 44 45 57 58 60 65 72 87 90 95 
10007,4 7 15 19 33 36 42 48 59 61 69 70 72 76 84 89 96 
10006,10 12 13 17 21 25 44 45 46 54 57 71 74 75 80 83 84 85 86 89 99 
10367,5 8 22 29 30 32 38 39 44 46 57 76 83 84 85 86 90 95 96 
10005,7 14 15 23 29 30 32 41 42 48 50 54 55 60 62 70 72 76 78 81 84 89 93 99 
10366,2 3 7 9 11 17 18 19 24 32 34 41 43 51 52 55 58 65 68 84 
10365,13 16 36 37 39 40 42 43 44 56 62 72 74 92 
10004,10 22 24 32 33 36 56 58 85 100 
10003,10 11 18 24 27 32 35 39 51 61 63 72 73 93 95 96 
10364,1 8 15 16 24 27 31 36 42 43 59 60 61 65 66 67 68 83 86 91 92 94 
10002,2 7 13 29 30 35 39 42 44 45 47 57 75 77 82 90 96 
10363,1 5 9 10 11 13 18 26 27 31 33 34 36 50 58 63 65 94 95 
10001,1 4 7 10 16 19 29 31 35 37 39 45 51 67 76 78 80 83 86 90 93 
10362,1 4 6 19 22 32 33 40 50 51 54 71 76 80 81 84 87 90 
10000,4 12 20 21 42 54 55 57 60 64 66 72 76 77 85 91 96 
10361,4 35 36 38 50 55 56 58 63 65 66 70 80 86 95 96 
10360,25 26 27 30 35 42 45 52 57 59 63 65 66 67 70 81 95 98 
10359,3 5 7 16 19 26 37 38 46 47 48 50 56 64 70 73 79 97 
10358,4 6 13 17 29 32 34 38 46 55 58 70 77 82 95 98 100 
10357,12 13 31 33 36 48 58 60 61 70 77 89 92 
10356,3 7 13 24 26 30 37 46 49 50 53 63 66 68 77 80 87 
10355,1 4 6 10 13 18 21 28 30 33 34 38 52 59 60 66 75 79 80 85 92 98 
10354,2 13 15 17 29 33 39 40 41 44 45 47 50 54 60 68 71 73 80 82 90 93 97 99 
10353,2 4 8 10 11 17 19 21 23 24 28 32 34 41 43 44 50 54 57 58 60 64 69 71 78 83 85 88 89 91 94 99 
10352,3 13 21 22 29 34 45 56 57 61 65 66 67 70 84 88 92 
10351,1 9 18 22 23 25 30 42 50 62 64 76 77 79 87 95 96 
10350,4 8 9 10 11 17 28 32 44 47 60 61 65 68 71 76 78 87 91 95 99 
10349,8 12 20 27 30 38 46 48 49 57 61 62 63 65 67 73 82 83 87 97 
10348,2 5 10 12 15 22 26 28 37 42 45 55 60 63 69 79 82 95 
10347,12 17 28 29 44 50 55 57 58 59 60 65 67 70 80 89 90 91 94 
10346,9 11 37 43 46 51 61 75 81 84 90 92 98 99 
10345,8 9 12 19 26 30 37 40 41 45 49 64 65 66 68 69 70 73 75 89 98 
10344,2 16 18 19 23 30 36 37 43 45 48 50 51 56 58 59 61 62 73 78 87 89 
10343,4 16 19 26 27 36 39 52 64 65 72 82 83 92 94 95 96 98 
10342,1 7 12 14 18 19 20 22 29 30 31 33 38 44 55 57 66 71 74 81 84 92 100 
10341,11 20 25 27 54 57 58 61 62 67 68 77 79 81 84 89 93 95 
10340,7 8 16 18 23 24 30 40 50 56 62 63 71 78 86 87 92 95 
10339,6 7 11 14 22 30 31 35 37 42 50 52 59 69 75 83 92 97 100 
10338,15 21 22 27 28 34 35 65 66 70 73 83 84 85 88 93 94 97 99 
10699,2 4 12 13 25 29 31 35 44 47 55 58 62 63 68 77 87 
10337,2 3 6 8 23 25 30 32 43 48 51 55 60 66 72 73 74 77 87 97 99 
10698,2 5 6 9 18 20 33 35 37 38 56 61 62 64 67 68 69 75 84 85 94 
10697,5 7 11 21 23 24 25 30 35 37 39 41 44 45 50 57 76 
10336,1 3 5 8 10 11 16 18 20 25 27 33 40 41 43 44 51 53 56 57 74 75 76 79 84 86 91 94 95 98 
10696,5 6 8 18 29 35 43 46 52 58 60 62 64 70 73 80 85 86 88 92 94 95 98 99 
10335,2 3 13 14 27 28 29 32 39 43 51 55 58 65 66 67 69 74 77 81 84 90 99 
10334,1 4 7 8 18 22 32 34 41 43 44 50 60 62 63 64 66 72 73 75 82 83 91 99 100 
10695,2 13 21 26 28 38 48 51 52 53 58 75 79 80 85 90 91 93 99 
10694,14 19 23 32 44 45 47 59 73 83 88 93 98 100 
10333,1 4 7 9 31 38 40 47 51 58 65 69 81 89 95 99 
10332,5 16 23 25 26 38 44 48 52 60 63 65 68 77 79 85 87 93 97 98 
10693,1 7 14 19 23 26 33 38 45 47 56 57 61 64 69 80 94 99 
10331,14 16 20 22 34 39 49 50 52 53 56 71 83 96 97 
10692,8 13 30 31 32 35 36 38 39 44 48 82 83 84 96 
10330,7 15 16 21 29 37 40 41 42 50 51 56 66 74 76 83 91 97 
10691,1 4 8 9 11 20 21 24 25 29 39 49 55 57 58 59 62 66 71 91 
10690,11 17 23 30 33 35 37 40 46 49 55 60 63 71 72 77 85 
10329,5 10 12 17 27 35 38 46 54 55 64 66 73 78 80 88 91 92 93 95 96 98 
10689,8 15 16 17 18 24 32 33 53 55 56 59 63 68 72 74 95 96 97 98 
10328,6 7 11 12 29 35 40 57 58 63 66 72 78 83 84 89 95 98 
10327,4 11 15 17 22 26 27 31 33 34 36 39 40 43 44 48 54 60 66 70 76 79 84 91 99 
10688,3 5 7 8 22 28 35 36 44 45 52 56 75 76 77 82 95 
10326,2 3 14 16 20 22 29 31 37 38 41 43 47 54 65 74 76 81 89 90 94 100 
10687,3 4 15 16 45 50 54 59 62 65 69 72 73 74 76 79 81 84 93 94 
10325,5 6 20 22 24 27 30 31 39 40 41 43 55 62 63 67 72 80 97 
10686,1 4 11 12 13 14 29 48 52 55 56 68 74 84 92 95 98 
10685,5 16 24 29 34 70 73 76 86 100 
10324,3 10 36 37 39 45 46 52 64 67 71 87 90 91 96 98 
10323,6 13 14 16 21 31 34 36 39 41 49 50 52 54 59 60 63 65 69 79 81 82 83 85 89 90 
10684,3 9 15 16 22 25 32 35 41 50 51 53 54 55 57 60 61 62 64 68 70 76 78 79 83 93 97 98 
10322,1 2 10 23 26 29 33 50 58 61 67 72 77 79 88 97 
10683,3 6 7 9 13 23 25 28 32 34 36 47 50 51 54 55 57 65 66 68 70 71 79 80 81 82 85 96 97 
10321,1 8 10 14 15 16 24 27 31 33 45 52 54 58 66 74 76 78 90 93 95 97 
10682,2 9 13 20 24 32 33 35 42 50 51 53 56 75 76 77 85 93 
10320,6 7 8 10 11 16 18 23 27 29 36 45 51 57 69 75 76 77 80 83 85 94 98 
10681,4 12 13 15 24 28 32 36 37 40 41 45 57 61 67 68 71 74 77 84 88 89 91 92 95 100 
10680,7 10 18 24 26 28 31 33 39 42 43 44 48 57 63 68 71 73 77 84 85 95 
10319,9 10 11 16 18 19 20 23 31 42 43 47 49 51 64 65 68 69 74 78 81 83 95 96 
10318,9 25 32 40 44 59 64 70 72 76 81 85 89 91 95 100 
10679,1 7 8 14 15 20 21 23 28 30 40 48 76 77 84 92 97 99 
10317,7 14 18 24 25 42 43 57 61 65 66 69 77 80 84 86 88 91 93 96 99 100 
10678,4 7 11 13 17 18 20 31 38 41 42 55 64 69 73 75 76 81 84 91 93 100 
10677,6 17 18 23 26 33 34 35 40 47 55 62 63 76 77 81 94 
10316,1 10 13 21 22 30 31 35 42 47 48 51 54 56 57 59 66 71 79 87 92 96 98 
10676,6 12 14 15 21 22 26 30 32 44 54 63 70 77 78 82 85 88 93 95 98 
10315,1 12 17 24 27 35 38 41 42 48 49 53 55 63 67 82 86 89 91 97 99 100 
10314,4 8 9 12 13 15 19 43 48 49 54 55 64 66 67 82 85 87 90 96 99 
10675,2 14 15 18 21 25 28 31 42 47 50 56 62 63 69 70 73 76 
10674,12 19 21 26 27 29 40 54 56 65 68 75 78 80 94 95 99 
10313,9 12 29 31 60 63 67 89 91 92 97 98 100 
10312,1 2 6 10 12 13 14 15 28 30 33 36 42 50 56 70 74 76 83 84 89 
10673,2 6 7 14 16 23 25 26 34 37 38 40 41 46 54 57 64 67 77 81 86 89 
10672,5 6 9 10 15 25 29 34 37 61 63 68 78 80 86 90 92 93 97 98 
10311,2 6 13 14 16 18 22 23 28 30 37 48 50 51 52 54 61 65 72 80 86 92 94 
10310,10 25 29 47 48 49 55 60 61 68 77 83 85 87 
10671,5 6 8 18 23 24 27 28 31 34 39 42 47 50 55 75 83 86 88 95 
